# SignalP-6.0	Organism: Other	Timestamp: 20240312230935
# ID	Prediction	OTHER	SP(Sec/SPI)	LIPO(Sec/SPII)	TAT(Tat/SPI)	TATLIPO(Tat/SPII)	PILIN(Sec/SPIII)	CS Position
8AON_B_C_A	OTHER	1.000000	0.000000	0.000000	0.000000	0.000000	0.000000	
4XWO_C_D_A	OTHER	1.000000	0.000000	0.000000	0.000000	0.000000	0.000000	
6VGR_C_D_A	SP	0.000313	0.998890	0.000222	0.000220	0.000175	0.000166	CS pos: 36-37. Pr: 0.9662
6RCU_B_C_A	OTHER	1.000000	0.000000	0.000000	0.000000	0.000000	0.000000	
6RCU_E_D_A	OTHER	1.000000	0.000000	0.000000	0.000000	0.000000	0.000000	
6RCV_C_B_A	OTHER	1.000000	0.000000	0.000000	0.000000	0.000000	0.000000	
7ZQT_C_D_A	OTHER	0.999995	0.000000	0.000000	0.000000	0.000000	0.000000	
5WK3_Q_P_A	OTHER	0.500438	0.498464	0.000311	0.000287	0.000260	0.000244	
6XP6_H_G_A _ C _ B	OTHER	1.000000	0.000000	0.000000	0.000000	0.000000	0.000000	
2HFG_H_L_R	OTHER	0.999989	0.000000	0.000000	0.000000	0.000000	0.000000	
8TUI_H_L_A	OTHER	1.000000	0.000000	0.000000	0.000000	0.000000	0.000000	
7M7F_C_D_A	OTHER	1.000000	0.000000	0.000000	0.000000	0.000000	0.000000	
7M7I_C_D_A	OTHER	1.000000	0.000000	0.000000	0.000000	0.000000	0.000000	
7M7J_C_D_A	OTHER	1.000000	0.000000	0.000000	0.000000	0.000000	0.000000	
8EE0_H_L_A	OTHER	1.000000	0.000000	0.000000	0.000000	0.000000	0.000000	
8EE1_B_C_A	OTHER	1.000000	0.000000	0.000000	0.000000	0.000000	0.000000	
6C9U_H_L_A	OTHER	1.000000	0.000000	0.000000	0.000000	0.000000	0.000000	
8HII_H_L_A	OTHER	1.000000	0.000000	0.000000	0.000000	0.000000	0.000000	
7NIU_C_B_A	OTHER	1.000000	0.000000	0.000000	0.000000	0.000000	0.000000	
7NIU_E_D_A	OTHER	1.000000	0.000000	0.000000	0.000000	0.000000	0.000000	
7NIW_C_B_A	OTHER	1.000000	0.000000	0.000000	0.000000	0.000000	0.000000	
5NGV_H_L_A	OTHER	0.667003	0.332382	0.000204	0.000158	0.000141	0.000116	
5NH3_H_L_A	OTHER	0.999985	0.000000	0.000000	0.000000	0.000000	0.000000	
4IDJ_H_L_A	OTHER	1.000000	0.000000	0.000000	0.000000	0.000000	0.000000	
7JHG_H_L_A	OTHER	1.000000	0.000000	0.000000	0.000000	0.000000	0.000000	
4XXD_B_A_C	OTHER	1.000000	0.000000	0.000000	0.000000	0.000000	0.000000	
5CSZ_A_B_E	OTHER	0.999997	0.000000	0.000000	0.000002	0.000000	0.000000	
6CO3_H_L_Q	OTHER	0.999997	0.000000	0.000000	0.000002	0.000000	0.000000	
7OW1_H_K_A	OTHER	0.999999	0.000000	0.000000	0.000001	0.000000	0.000000	
7OXN_H_K_A	OTHER	0.999999	0.000000	0.000000	0.000000	0.000000	0.000000	
5VZY_H_L_A	OTHER	0.999999	0.000000	0.000000	0.000000	0.000000	0.000000	
7E72_A_B_E	OTHER	0.999991	0.000000	0.000000	0.000000	0.000000	0.000000	
6WW5_C_D_B	OTHER	1.000000	0.000000	0.000000	0.000000	0.000000	0.000000	
7LF7_A_B_M	OTHER	1.000000	0.000000	0.000000	0.000000	0.000000	0.000000	
7LFA_B_D_A	OTHER	1.000000	0.000000	0.000000	0.000000	0.000000	0.000000	
7LFB_H_L_X	OTHER	1.000000	0.000000	0.000000	0.000000	0.000000	0.000000	
7LF8_H_L_A	OTHER	1.000000	0.000000	0.000000	0.000000	0.000000	0.000000	
7LFD_H_L_A	OTHER	1.000000	0.000000	0.000000	0.000000	0.000000	0.000000	
8U4V_H_L_A _ B	OTHER	0.999977	0.000000	0.000000	0.000000	0.000000	0.000000	
6R0X_A_B_E	OTHER	1.000000	0.000000	0.000000	0.000000	0.000000	0.000000	
6MLK_H_L_A	OTHER	0.999994	0.000000	0.000000	0.000000	0.000000	0.000000	
6VJA_H_L_C	OTHER	1.000000	0.000000	0.000000	0.000000	0.000000	0.000000	
6N7J_A_B_D	OTHER	0.999999	0.000000	0.000000	0.000000	0.000000	0.000000	
6NI2_H_L_B	OTHER	1.000000	0.000000	0.000000	0.000000	0.000000	0.000000	
8AS2_H_L_A _ B	OTHER	1.000000	0.000000	0.000000	0.000000	0.000000	0.000000	
8AS3_H_L_A _ B	OTHER	1.000000	0.000000	0.000000	0.000000	0.000000	0.000000	
3R1G_H_L_B	OTHER	1.000000	0.000000	0.000000	0.000000	0.000000	0.000000	
3NH7_H_L_A	OTHER	1.000000	0.000000	0.000000	0.000000	0.000000	0.000000	
2R56_H_L_A	OTHER	0.833746	0.165658	0.000231	0.000132	0.000137	0.000108	
5L0Q_C_B_A	OTHER	0.999999	0.000000	0.000000	0.000000	0.000000	0.000000	
8ACF_H_L_A	OTHER	1.000000	0.000000	0.000000	0.000000	0.000000	0.000000	
3G6J_F_E_B _ A	OTHER	0.999997	0.000000	0.000000	0.000000	0.000000	0.000000	
4UU9_A_B_C	OTHER	1.000000	0.000000	0.000000	0.000000	0.000000	0.000000	
6O1F_H_L_A _ I	OTHER	0.654135	0.344935	0.000231	0.000289	0.000203	0.000223	
6ZTR_A_B_J	OTHER	1.000000	0.000000	0.000000	0.000000	0.000000	0.000000	
5VEB_A_B_X	OTHER	1.000000	0.000000	0.000000	0.000000	0.000000	0.000000	
7DUO_H_L_B	OTHER	1.000000	0.000000	0.000000	0.000000	0.000000	0.000000	
8IL3_B_A_C	OTHER	1.000000	0.000000	0.000000	0.000000	0.000000	0.000000	
7DHA_C_B_A	OTHER	1.000000	0.000000	0.000000	0.000000	0.000000	0.000000	
8BYU_H_L_A	OTHER	1.000000	0.000000	0.000000	0.000000	0.000000	0.000000	
8DDK_A_B_C	OTHER	1.000000	0.000000	0.000000	0.000000	0.000000	0.000000	
7L7R_B_A_G	OTHER	1.000000	0.000000	0.000000	0.000000	0.000000	0.000000	
7L7R_D_C_G	OTHER	1.000000	0.000000	0.000000	0.000000	0.000000	0.000000	
4DN4_H_L_M	SP	0.333890	0.664934	0.000319	0.000307	0.000288	0.000266	CS pos: 4-5. Pr: 0.3898
8F6L_A_B_C	OTHER	0.999995	0.000000	0.000000	0.000000	0.000000	0.000000	
8F6O_A_B_C	OTHER	0.999995	0.000000	0.000000	0.000000	0.000000	0.000000	
8F0L_A_B_Q	OTHER	0.999999	0.000000	0.000000	0.000001	0.000000	0.000000	
6FAX_H_L_R	OTHER	0.999999	0.000000	0.000000	0.000000	0.000000	0.000000	
6PE8_A_B_U	OTHER	0.999999	0.000000	0.000000	0.000000	0.000000	0.000000	
6PE9_C_D_G	OTHER	0.999999	0.000000	0.000000	0.000000	0.000000	0.000000	
6VC9_H_L_A	OTHER	1.000000	0.000000	0.000000	0.000000	0.000000	0.000000	
6VCA_E_F_A	OTHER	1.000000	0.000000	0.000000	0.000000	0.000000	0.000000	
6HXW_C_D_B	OTHER	1.000000	0.000000	0.000000	0.000000	0.000000	0.000000	
7BBJ_H_L_A	OTHER	0.999997	0.000000	0.000000	0.000000	0.000000	0.000000	
7UVF_H_L_A	OTHER	1.000000	0.000000	0.000000	0.000000	0.000000	0.000000	
7SFX_A_B_E	OTHER	0.999999	0.000000	0.000000	0.000000	0.000000	0.000000	
5OCK_H_L_A	OTHER	1.000000	0.000000	0.000000	0.000000	0.000000	0.000000	
5EA0_H_L_P	OTHER	0.999999	0.000000	0.000000	0.000000	0.000000	0.000000	
5UEA_A_B_X	OTHER	1.000000	0.000000	0.000000	0.000000	0.000000	0.000000	
5UEK_H_L_A	OTHER	1.000000	0.000000	0.000000	0.000000	0.000000	0.000000	
6AYZ_B_D_A	OTHER	1.000000	0.000000	0.000000	0.000000	0.000000	0.000000	
6AZ2_A_F_B	OTHER	1.000000	0.000000	0.000000	0.000000	0.000000	0.000000	
5UCB_H_L_B	OTHER	1.000000	0.000000	0.000000	0.000000	0.000000	0.000000	
5EII_A_B_I	OTHER	1.000000	0.000000	0.000000	0.000000	0.000000	0.000000	
8DWW_H_L_N	OTHER	1.000000	0.000000	0.000000	0.000000	0.000000	0.000000	
8DWX_H_L_P	OTHER	1.000000	0.000000	0.000000	0.000000	0.000000	0.000000	
8DWY_H_L_P	OTHER	1.000000	0.000000	0.000000	0.000000	0.000000	0.000000	
5OCX_H_L_A	OTHER	0.999999	0.000000	0.000000	0.000000	0.000000	0.000000	
5OCY_H_L_C	OTHER	0.999999	0.000000	0.000000	0.000000	0.000000	0.000000	
5BK3_A_B_B	OTHER	0.999996	0.000001	0.000000	0.000000	0.000000	0.000000	
6O25_A_B_D _ G	OTHER	1.000000	0.000000	0.000000	0.000000	0.000000	0.000000	
6ULF_A_B_P _ K	OTHER	1.000000	0.000000	0.000000	0.000000	0.000000	0.000000	
6VLN_H_L_P _ K	OTHER	1.000000	0.000000	0.000000	0.000000	0.000000	0.000000	
7RXI_H_L_A	OTHER	0.999997	0.000000	0.000000	0.000000	0.000000	0.000000	
7RXJ_A_B_G	OTHER	0.999997	0.000000	0.000000	0.000000	0.000000	0.000000	
7RXL_C_D_F	OTHER	0.999997	0.000000	0.000000	0.000000	0.000000	0.000000	
7S0X_C_D_F	OTHER	0.999997	0.000000	0.000000	0.000000	0.000000	0.000000	
7RXP_H_L_A	OTHER	0.999993	0.000000	0.000000	0.000000	0.000000	0.000000	
6B0S_H_L_C	OTHER	1.000000	0.000000	0.000000	0.000000	0.000000	0.000000	
8FG0_A_B_Q	OTHER	0.999999	0.000000	0.000000	0.000000	0.000000	0.000000	
6O28_A_B_E	OTHER	0.999999	0.000000	0.000000	0.000000	0.000000	0.000000	
6O26_A_B_C	OTHER	0.999999	0.000000	0.000000	0.000000	0.000000	0.000000	
8EK1_A_B_P	OTHER	0.999999	0.000000	0.000000	0.000000	0.000000	0.000000	
6MB3_A_K_E	OTHER	0.999986	0.000000	0.000000	0.000000	0.000000	0.000000	
8DYW_A_B_I	OTHER	0.999986	0.000000	0.000000	0.000000	0.000000	0.000000	
8DYX_A_B_I	OTHER	0.999986	0.000000	0.000000	0.000000	0.000000	0.000000	
8DYY_A_B_I	OTHER	0.999986	0.000000	0.000000	0.000000	0.000000	0.000000	
8DZ3_A_B_I	OTHER	0.999986	0.000000	0.000000	0.000000	0.000000	0.000000	
8DZ4_A_B_I	OTHER	0.999986	0.000000	0.000000	0.000000	0.000000	0.000000	
8DZ5_A_B_I	OTHER	0.999986	0.000000	0.000000	0.000000	0.000000	0.000000	
8EH5_H_L_G	OTHER	0.999995	0.000000	0.000000	0.000000	0.000000	0.000000	
6BQB_H_L_P	OTHER	1.000000	0.000000	0.000000	0.000000	0.000000	0.000000	
6PBV_B_A_G	OTHER	1.000000	0.000000	0.000000	0.000000	0.000000	0.000000	
7Z12_B_C_A	OTHER	1.000000	0.000000	0.000000	0.000000	0.000000	0.000000	
7AHU_B_A_E _ F	OTHER	1.000000	0.000000	0.000000	0.000000	0.000000	0.000000	
8G6I_C_B_A	SP	0.166850	0.832653	0.000139	0.000147	0.000118	0.000111	CS pos: 19-20. Pr: 0.8146
6HHC_H_L_A	OTHER	0.833807	0.165622	0.000128	0.000201	0.000115	0.000124	
8R8D_E_I_B	OTHER	0.833712	0.165699	0.000121	0.000202	0.000121	0.000130	
5B71_B_A_E	OTHER	1.000000	0.000000	0.000000	0.000000	0.000000	0.000000	
7KRA_I_J_A	SP	0.000152	0.999348	0.000132	0.000146	0.000116	0.000116	CS pos: 24-25. Pr: 0.9808
7MJS_H_L_X	OTHER	1.000000	0.000000	0.000000	0.000000	0.000000	0.000000	
4G7V_H_L_S	OTHER	0.999970	0.000000	0.000000	0.000000	0.000000	0.000000	
4G80_A_B_S	OTHER	0.999965	0.000000	0.000000	0.000000	0.000000	0.000000	
7YMS_F_E_A	OTHER	0.999998	0.000000	0.000000	0.000000	0.000000	0.000000	
7Y7M_F_G_C _ B	OTHER	1.000000	0.000000	0.000000	0.000000	0.000000	0.000000	
7YRF_F_E_C	OTHER	1.000000	0.000000	0.000000	0.000000	0.000000	0.000000	
7SU0_H_L_C	OTHER	0.999997	0.000000	0.000000	0.000000	0.000000	0.000000	
7SU1_H_L_C	OTHER	0.999997	0.000000	0.000000	0.000000	0.000000	0.000000	
5TRU_H_L_C	OTHER	0.999983	0.000000	0.000000	0.000000	0.000000	0.000000	
5GGV_H_L_Y	OTHER	0.999997	0.000000	0.000000	0.000000	0.000000	0.000000	
7ELX_H_L_C	OTHER	0.999997	0.000000	0.000000	0.000000	0.000000	0.000000	
5XJ3_A_B_C	OTHER	1.000000	0.000000	0.000000	0.000000	0.000000	0.000000	
6XY2_H_L_A	OTHER	1.000000	0.000000	0.000000	0.000000	0.000000	0.000000	
8CAF_B_A_H _ F	OTHER	1.000000	0.000000	0.000000	0.000000	0.000000	0.000000	
5CBA_A_B_E	OTHER	0.500840	0.498018	0.000323	0.000306	0.000277	0.000253	
5CBE_A_B_E	OTHER	0.500840	0.498018	0.000323	0.000306	0.000277	0.000253	
6WZJ_A_B_E	SP	0.334120	0.664551	0.000343	0.000341	0.000352	0.000306	CS pos: 3-4. Pr: 0.4661
6WZK_A_B_E	OTHER	0.500442	0.498536	0.000286	0.000278	0.000242	0.000228	
6WZL_A_B_E	OTHER	0.666948	0.332007	0.000304	0.000286	0.000249	0.000227	
6KVA_H_L_B	OTHER	0.999998	0.000000	0.000000	0.000002	0.000000	0.000001	
6KVF_A_C_B	OTHER	0.999998	0.000000	0.000000	0.000002	0.000000	0.000001	
8GHO_A_B_C	OTHER	0.999996	0.000000	0.000000	0.000000	0.000000	0.000000	
8JHC_H_L_R	SP	0.000155	0.999329	0.000132	0.000142	0.000115	0.000116	CS pos: 16-17. Pr: 0.9744
6WW2_H_L_R	OTHER	0.999996	0.000000	0.000000	0.000000	0.000000	0.000000	
8JH7_H_L_D	SP	0.000169	0.999260	0.000148	0.000158	0.000128	0.000133	CS pos: 16-17. Pr: 0.9748
6OAN_B_b_A	OTHER	1.000000	0.000000	0.000000	0.000000	0.000000	0.000000	
6OAO_B_b_A	OTHER	1.000000	0.000000	0.000000	0.000000	0.000000	0.000000	
7A3O_H_L_A	OTHER	1.000000	0.000000	0.000000	0.000000	0.000000	0.000000	
5VIC_H_L_E	OTHER	1.000000	0.000000	0.000000	0.000000	0.000000	0.000000	
6DFJ_H_L_E	OTHER	1.000000	0.000000	0.000000	0.000000	0.000000	0.000000	
4AL8_H_L_C	OTHER	1.000000	0.000000	0.000000	0.000000	0.000000	0.000000	
7CTH_H_L_C _ A	OTHER	1.000000	0.000000	0.000000	0.000000	0.000000	0.000000	
7V3H_G_H_A	OTHER	1.000000	0.000000	0.000000	0.000000	0.000000	0.000000	
7BUB_G_I_B	OTHER	1.000000	0.000000	0.000000	0.000000	0.000000	0.000000	
5N09_H_L_A	OTHER	1.000000	0.000000	0.000000	0.000000	0.000000	0.000000	
5N0A_H_L_A	OTHER	1.000000	0.000000	0.000000	0.000000	0.000000	0.000000	
4UT6_H_L_A	OTHER	1.000000	0.000000	0.000000	0.000000	0.000000	0.000000	
4UTB_H_L_A	OTHER	1.000000	0.000000	0.000000	0.000000	0.000000	0.000000	
4UT9_H_L_A	OTHER	1.000000	0.000000	0.000000	0.000000	0.000000	0.000000	
4UTA_H_L_B	OTHER	1.000000	0.000000	0.000000	0.000000	0.000000	0.000000	
7A3P_H_L_A	OTHER	1.000000	0.000000	0.000000	0.000000	0.000000	0.000000	
7A3T_H_L_A	OTHER	1.000000	0.000000	0.000000	0.000000	0.000000	0.000000	
7A3Q_H_L_A	OTHER	1.000000	0.000000	0.000000	0.000000	0.000000	0.000000	
7BSC_H_L_A	OTHER	1.000000	0.000000	0.000000	0.000000	0.000000	0.000000	
7WUR_E_F_A	OTHER	1.000000	0.000000	0.000000	0.000000	0.000000	0.000000	
4LMQ_E_I_F	OTHER	0.501182	0.497368	0.000404	0.000385	0.000339	0.000323	
6R2S_B_A_C	OTHER	1.000000	0.000000	0.000000	0.000000	0.000000	0.000000	
8A44_C_D_A	OTHER	1.000000	0.000000	0.000000	0.000000	0.000000	0.000000	
6PCI_H_K_A	OTHER	1.000000	0.000000	0.000000	0.000000	0.000000	0.000000	
6PCI_N_Q_A _ D	OTHER	1.000000	0.000000	0.000000	0.000000	0.000000	0.000000	
6QD7_H_L_D _ C	OTHER	1.000000	0.000000	0.000000	0.000000	0.000000	0.000000	
6QD8_H_L_F _ E	OTHER	1.000000	0.000000	0.000000	0.000000	0.000000	0.000000	
3CSY_A_B_J _ I	OTHER	1.000000	0.000000	0.000000	0.000000	0.000000	0.000000	
6DZL_G_J_E _ A	OTHER	1.000000	0.000000	0.000000	0.000000	0.000000	0.000000	
6EA7_H_L_B _ A _ F	OTHER	1.000000	0.000000	0.000000	0.000000	0.000000	0.000000	
5HJ3_A_B_P _ O	OTHER	1.000000	0.000000	0.000000	0.000000	0.000000	0.000000	
6MAM_A_B_J _ I	OTHER	1.000000	0.000000	0.000000	0.000000	0.000000	0.000000	
5KEN_C_D_B	OTHER	1.000000	0.000000	0.000000	0.000000	0.000000	0.000000	
5KEN_J_I_E	OTHER	1.000000	0.000000	0.000000	0.000000	0.000000	0.000000	
7SWD_G_g_F	OTHER	1.000000	0.000000	0.000000	0.000000	0.000000	0.000000	
7SWD_J_K_A _ C	OTHER	1.000000	0.000000	0.000000	0.000000	0.000000	0.000000	
8DPL_A_B_D	OTHER	1.000000	0.000000	0.000000	0.000000	0.000000	0.000000	
8DPM_D_E_A	OTHER	1.000000	0.000000	0.000000	0.000000	0.000000	0.000000	
6S8D_H_L_A	OTHER	1.000000	0.000000	0.000000	0.000000	0.000000	0.000000	
6S8I_H_L_A	OTHER	1.000000	0.000000	0.000000	0.000000	0.000000	0.000000	
6S8J_H_L_A	OTHER	1.000000	0.000000	0.000000	0.000000	0.000000	0.000000	
7KEJ_G_J_A	SP	0.000153	0.999357	0.000129	0.000144	0.000118	0.000117	CS pos: 22-23. Pr: 0.9871
7KEX_G_J_A	SP	0.000153	0.999357	0.000129	0.000144	0.000118	0.000117	CS pos: 22-23. Pr: 0.9871
7KF9_G_J_A	SP	0.000153	0.999357	0.000129	0.000144	0.000118	0.000117	CS pos: 22-23. Pr: 0.9871
7KFB_G_J_A	SP	0.000153	0.999357	0.000129	0.000144	0.000118	0.000117	CS pos: 22-23. Pr: 0.9871
7KFH_G_J_A	SP	0.000153	0.999357	0.000129	0.000144	0.000118	0.000117	CS pos: 22-23. Pr: 0.9871
7M8L_M_P_D	OTHER	1.000000	0.000000	0.000000	0.000000	0.000000	0.000000	
5KEL_C_D_A	OTHER	1.000000	0.000000	0.000000	0.000000	0.000000	0.000000	
5KEL_H_L_B	OTHER	1.000000	0.000000	0.000000	0.000000	0.000000	0.000000	
7KEW_G_J_A	SP	0.167718	0.831588	0.000249	0.000162	0.000145	0.000142	CS pos: 32-33. Pr: 0.7920
6DZM_G_H_D _ A	OTHER	0.999992	0.000000	0.000000	0.000000	0.000000	0.000000	
6OZ9_H_L_B _ A	OTHER	1.000000	0.000000	0.000000	0.000000	0.000000	0.000000	
6UYE_G_J_A	OTHER	1.000000	0.000000	0.000000	0.000000	0.000000	0.000000	
5VKD_H_L_A	OTHER	1.000000	0.000000	0.000000	0.000000	0.000000	0.000000	
5W2B_H_L_A	OTHER	1.000000	0.000000	0.000000	0.000000	0.000000	0.000000	
7S07_H_L_A	OTHER	0.999997	0.000000	0.000000	0.000000	0.000000	0.000000	
7S07_X_Y_A _ B	OTHER	0.999982	0.000000	0.000000	0.000000	0.000000	0.000000	
7S1B_H_L_A	OTHER	0.999997	0.000000	0.000000	0.000000	0.000000	0.000000	
7S1B_X_Y_A _ B	OTHER	1.000000	0.000000	0.000000	0.000000	0.000000	0.000000	
7D5Z_D_C_A	OTHER	1.000000	0.000000	0.000000	0.000000	0.000000	0.000000	
6XLQ_B_C_A	OTHER	0.999983	0.000000	0.000000	0.000000	0.000000	0.000000	
8DA0_B_A_E	SP	0.378725	0.620158	0.000320	0.000320	0.000255	0.000252	CS pos: 3-4. Pr: 0.3747
7XY8_H_L_A	OTHER	0.999994	0.000000	0.000000	0.000000	0.000000	0.000000	
2VXQ_H_L_A	OTHER	1.000000	0.000000	0.000000	0.000000	0.000000	0.000000	
5GHW_H_L_P	OTHER	0.993111	0.001425	0.000017	0.004793	0.000180	0.000478	
3LH2_H_L_S	OTHER	1.000000	0.000000	0.000000	0.000000	0.000000	0.000000	
3RU8_H_L_X	OTHER	0.999996	0.000000	0.000000	0.000000	0.000000	0.000000	
5SY8_H_L_O	OTHER	1.000000	0.000000	0.000000	0.000000	0.000000	0.000000	
5T29_H_L_O	OTHER	1.000000	0.000000	0.000000	0.000000	0.000000	0.000000	
5T5B_A_B_O	OTHER	1.000000	0.000000	0.000000	0.000000	0.000000	0.000000	
5T6L_A_B_G	OTHER	1.000000	0.000000	0.000000	0.000000	0.000000	0.000000	
5TFW_H_L_O	OTHER	1.000000	0.000000	0.000000	0.000000	0.000000	0.000000	
6MTO_H_L_T	OTHER	1.000000	0.000000	0.000000	0.000000	0.000000	0.000000	
6MTQ_H_L_T	OTHER	1.000000	0.000000	0.000000	0.000000	0.000000	0.000000	
4M8Q_A_B_S	OTHER	1.000000	0.000000	0.000000	0.000000	0.000000	0.000000	
4ODX_A_L_Y	OTHER	1.000000	0.000000	0.000000	0.000000	0.000000	0.000000	
4M62_H_L_S	OTHER	1.000000	0.000000	0.000000	0.000000	0.000000	0.000000	
4OB5_H_L_L	OTHER	0.999960	0.000027	0.000000	0.000000	0.000000	0.000000	
3LHP_H_L_S	OTHER	0.999988	0.000000	0.000000	0.000000	0.000000	0.000000	
3OAY_H_L_H	OTHER	0.834321	0.164834	0.000288	0.000194	0.000216	0.000150	
6MNF_M_K_M	OTHER	0.834321	0.164834	0.000288	0.000194	0.000216	0.000150	
6MSY_H_L_H	OTHER	0.834321	0.164834	0.000288	0.000194	0.000216	0.000150	
3OAU_H_L_H	OTHER	0.834328	0.164811	0.000286	0.000196	0.000218	0.000151	
6MUB_H_L_H	OTHER	0.834321	0.164834	0.000288	0.000194	0.000216	0.000150	
3TWC_H_L_H	OTHER	1.000000	0.000000	0.000000	0.000000	0.000000	0.000000	
6B3D_H_L_H	OTHER	0.999998	0.000000	0.000000	0.000000	0.000000	0.000000	
4XCN_A_B_A	OTHER	0.834219	0.164966	0.000275	0.000186	0.000222	0.000155	
6O3U_B_A_F	OTHER	0.993593	0.006351	0.000012	0.000008	0.000010	0.000006	
2QSC_H_L_P	OTHER	0.999999	0.000000	0.000000	0.000000	0.000000	0.000000	
2B0S_H_L_P	OTHER	1.000000	0.000000	0.000000	0.000000	0.000000	0.000000	
2B1H_H_L_P	OTHER	1.000000	0.000000	0.000000	0.000000	0.000000	0.000000	
2B1A_H_L_P	OTHER	1.000000	0.000000	0.000000	0.000000	0.000000	0.000000	
3UJJ_H_L_P	OTHER	1.000000	0.000000	0.000000	0.000000	0.000000	0.000000	
1G9M_H_L_G	OTHER	1.000000	0.000000	0.000000	0.000000	0.000000	0.000000	
1RZJ_H_L_G	OTHER	1.000000	0.000000	0.000000	0.000000	0.000000	0.000000	
2NY5_H_L_G	OTHER	1.000000	0.000000	0.000000	0.000000	0.000000	0.000000	
2NY7_H_L_G	OTHER	1.000000	0.000000	0.000000	0.000000	0.000000	0.000000	
2NY0_D_C_A	OTHER	1.000000	0.000000	0.000000	0.000000	0.000000	0.000000	
2NY6_D_C_A	OTHER	1.000000	0.000000	0.000000	0.000000	0.000000	0.000000	
2NY3_D_C_A	OTHER	1.000000	0.000000	0.000000	0.000000	0.000000	0.000000	
2NY4_D_C_A	OTHER	1.000000	0.000000	0.000000	0.000000	0.000000	0.000000	
2NXZ_D_C_A	OTHER	1.000000	0.000000	0.000000	0.000000	0.000000	0.000000	
2NY1_D_C_A	OTHER	0.999998	0.000000	0.000000	0.000000	0.000000	0.000000	
2NY2_D_C_A	OTHER	1.000000	0.000000	0.000000	0.000000	0.000000	0.000000	
2NXY_D_C_A	OTHER	1.000000	0.000000	0.000000	0.000000	0.000000	0.000000	
1G9N_H_L_G	OTHER	1.000000	0.000000	0.000000	0.000000	0.000000	0.000000	
1RZK_H_L_G	OTHER	1.000000	0.000000	0.000000	0.000000	0.000000	0.000000	
3HI1_B_A_J	OTHER	1.000000	0.000000	0.000000	0.000000	0.000000	0.000000	
4JM2_A_B_E	OTHER	1.000000	0.000000	0.000000	0.000000	0.000000	0.000000	
4JM2_D_C_E	OTHER	1.000000	0.000000	0.000000	0.000000	0.000000	0.000000	
3U7Y_H_L_G	OTHER	0.833944	0.165703	0.000115	0.000080	0.000086	0.000070	
4JDT_H_L_G	OTHER	0.833944	0.165703	0.000115	0.000080	0.000086	0.000070	
4JKP_H_L_G	OTHER	0.833944	0.165703	0.000115	0.000080	0.000086	0.000070	
4P9H_H_L_G	OTHER	0.999998	0.000000	0.000000	0.000000	0.000000	0.000000	
4H8W_H_L_G	OTHER	0.834031	0.165614	0.000117	0.000082	0.000088	0.000071	
4JPW_H_L_G	OTHER	0.834031	0.165614	0.000117	0.000082	0.000088	0.000071	
4RFO_H_L_G	OTHER	0.834031	0.165614	0.000117	0.000082	0.000088	0.000071	
3SE8_H_L_G	OTHER	0.834031	0.165614	0.000117	0.000082	0.000088	0.000071	
3SE9_H_L_G	OTHER	0.834031	0.165614	0.000117	0.000082	0.000088	0.000071	
4LSP_H_L_G	OTHER	0.834031	0.165614	0.000117	0.000082	0.000088	0.000071	
4LSU_H_L_G	OTHER	0.834031	0.165614	0.000117	0.000082	0.000088	0.000071	
4S1Q_H_L_G	OTHER	0.834031	0.165614	0.000117	0.000082	0.000088	0.000071	
4XNZ_B_C_A	OTHER	0.834031	0.165614	0.000117	0.000082	0.000088	0.000071	
4XVT_H_L_G	OTHER	0.834031	0.165614	0.000117	0.000082	0.000088	0.000071	
4YDJ_A_B_I	OTHER	0.834031	0.165614	0.000117	0.000082	0.000088	0.000071	
4YDK_H_L_G	OTHER	0.834031	0.165614	0.000117	0.000082	0.000088	0.000071	
4YDL_B_C_A	OTHER	0.834031	0.165614	0.000117	0.000082	0.000088	0.000071	
4YFL_F_I_E	OTHER	0.834031	0.165614	0.000117	0.000082	0.000088	0.000071	
6MFT_A_B_C	OTHER	0.999991	0.000000	0.000000	0.000000	0.000000	0.000000	
4LSS_H_L_G	OTHER	0.999994	0.000000	0.000000	0.000000	0.000000	0.000000	
4LSV_H_L_G	OTHER	0.999983	0.000004	0.000000	0.000000	0.000000	0.000000	
7UCF_D_E_G	SP	0.000204	0.999175	0.000161	0.000179	0.000136	0.000137	CS pos: 25-26. Pr: 0.9805
7UGN_G_J_A	OTHER	0.999877	0.000115	0.000000	0.000000	0.000000	0.000000	
7UGP_G_J_A	OTHER	1.000000	0.000000	0.000000	0.000000	0.000000	0.000000	
6V8X_C_D_A	OTHER	0.832093	0.167736	0.000061	0.000044	0.000042	0.000038	
6V8Z_C_F_A	OTHER	0.833974	0.165722	0.000091	0.000067	0.000077	0.000061	
6U0N_H_L_A	OTHER	0.830416	0.169387	0.000065	0.000046	0.000044	0.000040	
6UDJ_D_E_P	OTHER	0.830416	0.169387	0.000065	0.000046	0.000044	0.000040	
6WIX_D_E_B	OTHER	0.696428	0.302329	0.000425	0.000303	0.000264	0.000230	
3MME_C_D_D	OTHER	0.806797	0.192292	0.000295	0.000224	0.000214	0.000165	
3LRS_A_B_B	OTHER	0.986456	0.013468	0.000026	0.000017	0.000018	0.000013	
4YAQ_A_B_B	OTHER	0.834219	0.164955	0.000287	0.000188	0.000200	0.000144	
6CBJ_H_L_L	OTHER	0.833931	0.165365	0.000248	0.000164	0.000172	0.000126	
4RNR_A_B_B	OTHER	0.677205	0.321324	0.000411	0.000426	0.000340	0.000296	
6UUH_C_D_D	OTHER	0.834045	0.165222	0.000255	0.000179	0.000181	0.000132	
6UUM_B_A_A	OTHER	0.834045	0.165222	0.000255	0.000179	0.000181	0.000132	
5IES_H_L_C	OTHER	1.000000	0.000000	0.000000	0.000000	0.000000	0.000000	
6D2P_H_L_C	OTHER	1.000000	0.000000	0.000000	0.000000	0.000000	0.000000	
5KZC_B_D_C	OTHER	1.000000	0.000000	0.000000	0.000000	0.000000	0.000000	
4JPK_H_L_A	OTHER	1.000000	0.000000	0.000000	0.000000	0.000000	0.000000	
6VLW_H_L_G	OTHER	1.000000	0.000000	0.000000	0.000000	0.000000	0.000000	
4I3R_H_L_G	OTHER	1.000000	0.000000	0.000000	0.000000	0.000000	0.000000	
4YBL_B_C_A	OTHER	0.833866	0.165750	0.000125	0.000088	0.000088	0.000073	
4YC2_B_C_A	OTHER	1.000000	0.000000	0.000000	0.000000	0.000000	0.000000	
3U2S_A_B_C	SP	0.000113	0.666249	0.333418	0.000086	0.000073	0.000073	CS pos: 21-22. Pr: 0.6541
1N0X_H_L_P	OTHER	1.000000	0.000000	0.000000	0.000000	0.000000	0.000000	
1GC1_H_L_G	OTHER	1.000000	0.000000	0.000000	0.000000	0.000000	0.000000	
3IDX_H_L_G	OTHER	1.000000	0.000000	0.000000	0.000000	0.000000	0.000000	
5W4L_B_C_A	OTHER	1.000000	0.000000	0.000000	0.000000	0.000000	0.000000	
5W4L_F_I_A	OTHER	1.000000	0.000000	0.000000	0.000000	0.000000	0.000000	
6MG7_H_L_G	OTHER	1.000000	0.000000	0.000000	0.000000	0.000000	0.000000	
6OEJ_B_C_A	OTHER	0.833677	0.166054	0.000081	0.000063	0.000064	0.000053	
5UEM_H_L_G	OTHER	0.833944	0.165703	0.000115	0.000080	0.000086	0.000070	
6MFP_C_D_A	OTHER	0.833810	0.165799	0.000127	0.000090	0.000087	0.000075	
6OFI_H_L_G	OTHER	0.833810	0.165799	0.000127	0.000090	0.000087	0.000075	
6OZ2_H_L_G	OTHER	0.833810	0.165799	0.000127	0.000090	0.000087	0.000075	
6OZ3_H_L_G	OTHER	0.833810	0.165799	0.000127	0.000090	0.000087	0.000075	
7SX6_B_C_A	OTHER	0.833810	0.165799	0.000127	0.000090	0.000087	0.000075	
7SX7_B_C_A	OTHER	0.833810	0.165799	0.000127	0.000090	0.000087	0.000075	
5WB9_H_L_G	OTHER	0.834031	0.165614	0.000117	0.000082	0.000088	0.000071	
6BCK_H_L_G	OTHER	0.834031	0.165614	0.000117	0.000082	0.000088	0.000071	
4JB9_H_L_G	OTHER	0.834031	0.165614	0.000117	0.000082	0.000088	0.000071	
4S1R_H_L_G	OTHER	0.834031	0.165614	0.000117	0.000082	0.000088	0.000071	
4S1S_H_L_G	OTHER	0.834031	0.165614	0.000117	0.000082	0.000088	0.000071	
5CD5_C_D_A	OTHER	0.834031	0.165614	0.000117	0.000082	0.000088	0.000071	
5F96_H_L_G	OTHER	0.834031	0.165614	0.000117	0.000082	0.000088	0.000071	
5F9W_B_C_A	OTHER	0.834031	0.165614	0.000117	0.000082	0.000088	0.000071	
5TE6_H_L_G	OTHER	0.834031	0.165614	0.000117	0.000082	0.000088	0.000071	
5F9O_H_L_G	OTHER	0.834031	0.165614	0.000117	0.000082	0.000088	0.000071	
5KJR_H_L_G	OTHER	1.000000	0.000000	0.000000	0.000000	0.000000	0.000000	
4JPV_H_L_G	OTHER	0.834031	0.165614	0.000117	0.000082	0.000088	0.000071	
4LSQ_H_L_G	OTHER	0.834031	0.165614	0.000117	0.000082	0.000088	0.000071	
4LSR_H_L_G	OTHER	0.834031	0.165614	0.000117	0.000082	0.000088	0.000071	
6BF4_B_C_A	OTHER	0.979725	0.020221	0.000017	0.000012	0.000014	0.000011	
3JWD_H_L_A	OTHER	0.835827	0.163768	0.000119	0.000091	0.000108	0.000081	
3JWO_H_L_A	OTHER	0.824338	0.175354	0.000102	0.000077	0.000072	0.000063	
4R4F_H_L_A	SP	0.167507	0.831372	0.000349	0.000319	0.000258	0.000228	CS pos: 24-25. Pr: 0.7918
4RWY_H_L_A	SP	0.167507	0.831372	0.000349	0.000319	0.000258	0.000228	CS pos: 24-25. Pr: 0.7918
4XVS_H_L_G	OTHER	0.834023	0.165590	0.000121	0.000083	0.000090	0.000072	
7RDW_G_I_N	OTHER	0.915781	0.084017	0.000060	0.000043	0.000049	0.000037	
5FEC_A_B_D	OTHER	0.999991	0.000000	0.000000	0.000000	0.000000	0.000000	
5IGX_H_L_G	OTHER	0.999991	0.000000	0.000000	0.000000	0.000000	0.000000	
5I9Q_B_C_A	OTHER	0.999998	0.000000	0.000000	0.000000	0.000000	0.000000	
4R4N_C_D_B _ p	OTHER	0.833488	0.166356	0.000056	0.000036	0.000038	0.000032	
5TE4_H_L_G	OTHER	1.000000	0.000000	0.000000	0.000000	0.000000	0.000000	
4RX4_A_D_E	OTHER	1.000000	0.000000	0.000000	0.000000	0.000000	0.000000	
4XMP_H_L_G	OTHER	1.000000	0.000000	0.000000	0.000000	0.000000	0.000000	
4XNY_H_L_G	OTHER	1.000000	0.000000	0.000000	0.000000	0.000000	0.000000	
4JAN_A_B_I	OTHER	0.999990	0.000009	0.000000	0.000000	0.000000	0.000000	
4LST_H_L_G	OTHER	0.999990	0.000009	0.000000	0.000000	0.000000	0.000000	
5TE7_H_L_G	OTHER	0.833749	0.165972	0.000098	0.000069	0.000070	0.000059	
4YE4_H_L_G	OTHER	0.837342	0.162260	0.000132	0.000094	0.000106	0.000081	
5T33_H_L_G	OTHER	1.000000	0.000000	0.000000	0.000000	0.000000	0.000000	
4R4H_H_L_A	SP	0.334955	0.663328	0.000709	0.000376	0.000361	0.000283	CS pos: 32-33. Pr: 0.3402
7KLC_D_C_A	OTHER	0.998251	0.001746	0.000001	0.000001	0.000001	0.000001	
7T73_H_L_E _ C _ A	SP	0.000847	0.831341	0.166872	0.000359	0.000309	0.000281	CS pos: 31-32. Pr: 0.6737
7T74_H_L_A _ E	SP	0.000847	0.831341	0.166872	0.000359	0.000309	0.000281	CS pos: 31-32. Pr: 0.6737
7T76_H_L_E _ C _ A	SP	0.000847	0.831341	0.166872	0.000359	0.000309	0.000281	CS pos: 31-32. Pr: 0.6737
6W4M_H_L_G _ N	OTHER	0.833436	0.166439	0.000044	0.000029	0.000031	0.000027	
2OQJ_B_A_C	OTHER	1.000000	0.000000	0.000000	0.000000	0.000000	0.000000	
5DT1_H_L_L	OTHER	0.667783	0.330731	0.000415	0.000438	0.000341	0.000306	
6FY2_H_L_P	OTHER	0.833508	0.165996	0.000131	0.000084	0.000143	0.000147	
5ESV_A_B_E	OTHER	0.999996	0.000000	0.000000	0.000000	0.000000	0.000000	
5ESZ_A_B_C	OTHER	1.000000	0.000000	0.000000	0.000000	0.000000	0.000000	
6FY0_H_L_P	OTHER	0.999999	0.000000	0.000000	0.000000	0.000000	0.000000	
6FY3_H_L_P	OTHER	0.999999	0.000000	0.000000	0.000000	0.000000	0.000000	
4RIS_H_L_P	OTHER	1.000000	0.000000	0.000000	0.000000	0.000000	0.000000	
6CBP_A_a_P	OTHER	1.000000	0.000000	0.000000	0.000000	0.000000	0.000000	
3GHE_H_L_P	OTHER	0.999998	0.000000	0.000000	0.000000	0.000000	0.000000	
1Q1J_H_L_P	OTHER	0.999999	0.000000	0.000000	0.000000	0.000000	0.000000	
4M1D_H_L_P	OTHER	1.000000	0.000000	0.000000	0.000000	0.000000	0.000000	
3C2A_H_L_P	OTHER	1.000000	0.000000	0.000000	0.000000	0.000000	0.000000	
4XMK_H_L_P	OTHER	0.999997	0.000000	0.000000	0.000003	0.000000	0.000001	
3MLR_H_L_P	OTHER	0.999999	0.000000	0.000000	0.000000	0.000000	0.000000	
6DB5_H_L_P	OTHER	0.999999	0.000000	0.000000	0.000000	0.000000	0.000000	
3MLV_H_L_P	OTHER	1.000000	0.000000	0.000000	0.000000	0.000000	0.000000	
3MLW_H_L_P	OTHER	1.000000	0.000000	0.000000	0.000000	0.000000	0.000000	
3MLX_H_L_P	OTHER	1.000000	0.000000	0.000000	0.000000	0.000000	0.000000	
6DB6_H_L_P	OTHER	1.000000	0.000000	0.000000	0.000000	0.000000	0.000000	
6DB7_H_L_P	OTHER	1.000000	0.000000	0.000000	0.000000	0.000000	0.000000	
3MLY_H_L_P	OTHER	1.000000	0.000000	0.000000	0.000000	0.000000	0.000000	
3MLT_B_A_C	OTHER	1.000000	0.000000	0.000000	0.000000	0.000000	0.000000	
3MLU_H_L_P	OTHER	1.000000	0.000000	0.000000	0.000000	0.000000	0.000000	
3MLZ_H_L_P	OTHER	1.000000	0.000000	0.000000	0.000000	0.000000	0.000000	
3MLS_H_L_P	OTHER	1.000000	0.000000	0.000000	0.000000	0.000000	0.000000	
5DRZ_B_A_Q	OTHER	0.999997	0.000000	0.000000	0.000000	0.000000	0.000000	
6SNE_B_A_O	OTHER	0.999981	0.000000	0.000000	0.000000	0.000000	0.000000	
1TZG_H_L_P	OTHER	1.000000	0.000000	0.000000	0.000000	0.000000	0.000000	
3FN0_H_L_P	OTHER	0.999982	0.000000	0.000001	0.000013	0.000001	0.000003	
5X08_H_L_P	OTHER	1.000000	0.000000	0.000000	0.000000	0.000000	0.000000	
6SNC_B_A_C	OTHER	1.000000	0.000000	0.000000	0.000000	0.000000	0.000000	
3GO1_H_L_P	OTHER	0.999999	0.000000	0.000000	0.000000	0.000000	0.000000	
3UJI_H_L_P	OTHER	1.000000	0.000000	0.000000	0.000000	0.000000	0.000000	
6VBO_H_L_C	OTHER	1.000000	0.000000	0.000000	0.000000	0.000000	0.000000	
6VBP_A_B_F	OTHER	1.000000	0.000000	0.000000	0.000000	0.000000	0.000000	
6VBQ_A_B_I	OTHER	1.000000	0.000000	0.000000	0.000000	0.000000	0.000000	
4HPO_H_L_P	OTHER	1.000000	0.000000	0.000000	0.000000	0.000000	0.000000	
4HPY_H_L_P	OTHER	1.000000	0.000000	0.000000	0.000000	0.000000	0.000000	
4DVR_H_L_G	OTHER	0.999983	0.000000	0.000000	0.000000	0.000000	0.000000	
2QAD_D_C_A	OTHER	1.000000	0.000000	0.000000	0.000000	0.000000	0.000000	
3NGB_B_C_A	OTHER	0.834031	0.165614	0.000117	0.000082	0.000088	0.000071	
4OLU_H_L_G	OTHER	0.834031	0.165614	0.000117	0.000082	0.000088	0.000071	
4OLV_H_L_G	OTHER	0.834031	0.165614	0.000117	0.000082	0.000088	0.000071	
4OLW_H_L_G	OTHER	0.834031	0.165614	0.000117	0.000082	0.000088	0.000071	
4OLX_H_L_G	OTHER	0.834031	0.165614	0.000117	0.000082	0.000088	0.000071	
4OLZ_H_L_G	OTHER	0.834031	0.165614	0.000117	0.000082	0.000088	0.000071	
4OM0_H_L_G	OTHER	0.834031	0.165614	0.000117	0.000082	0.000088	0.000071	
4OM1_H_L_G	OTHER	0.834031	0.165614	0.000117	0.000082	0.000088	0.000071	
4J6R_H_L_G	OTHER	0.999993	0.000000	0.000000	0.000000	0.000000	0.000000	
4YDI_H_L_G	OTHER	0.999993	0.000000	0.000000	0.000000	0.000000	0.000000	
7KDE_H_L_G	OTHER	0.830416	0.169387	0.000065	0.000046	0.000044	0.000040	
7KDE_O_P_G _ B	OTHER	0.702898	0.295789	0.000443	0.000328	0.000281	0.000241	
7LO6_H_G_E	OTHER	0.830416	0.169387	0.000065	0.000046	0.000044	0.000040	
6CRQ_D_E_A	OTHER	0.834014	0.165694	0.000092	0.000068	0.000078	0.000061	
5T3X_D_E_G	OTHER	0.903487	0.096300	0.000065	0.000051	0.000061	0.000045	
5V8L_G_K_C	OTHER	0.903487	0.096300	0.000065	0.000051	0.000061	0.000045	
5V8L_J_N_A	OTHER	0.903487	0.096300	0.000065	0.000051	0.000061	0.000045	
6CM3_K_J_D	OTHER	0.903487	0.096300	0.000065	0.000051	0.000061	0.000045	
6CM3_P_Q_B	OTHER	0.702898	0.295789	0.000443	0.000328	0.000281	0.000241	
6OZ4_H_L_G	OTHER	0.903487	0.096300	0.000065	0.000051	0.000061	0.000045	
6U0L_H_L_A	OTHER	0.903487	0.096300	0.000065	0.000051	0.000061	0.000045	
7PC2_M_N_C	OTHER	0.903487	0.096300	0.000065	0.000051	0.000061	0.000045	
7UOJ_D_E_A	OTHER	0.903487	0.096300	0.000065	0.000051	0.000061	0.000045	
6VI0_E_D_C	OTHER	0.903487	0.096300	0.000065	0.000051	0.000061	0.000045	
8FK5_H_L_I _ G _ C	OTHER	0.903487	0.096300	0.000065	0.000051	0.000061	0.000045	
8FL1_H_L_I _ G _ C	OTHER	0.903487	0.096300	0.000065	0.000051	0.000061	0.000045	
8FLW_H_L_I _ G _ C	OTHER	0.903487	0.096300	0.000065	0.000051	0.000061	0.000045	
6OSY_8_7_2	OTHER	0.903487	0.096300	0.000065	0.000051	0.000061	0.000045	
6OSY_H_L_A	OTHER	0.702898	0.295789	0.000443	0.000328	0.000281	0.000241	
6NF2_C_D_G	OTHER	0.903487	0.096300	0.000065	0.000051	0.000061	0.000045	
6NF2_H_L_B	OTHER	0.702898	0.295789	0.000443	0.000328	0.000281	0.000241	
6CUF_8_7_2	OTHER	0.903487	0.096300	0.000065	0.000051	0.000061	0.000045	
6N1V_Q_R_C	OTHER	0.903487	0.096300	0.000065	0.000051	0.000061	0.000045	
6CUE_7_8_2	OTHER	0.903487	0.096300	0.000065	0.000051	0.000061	0.000045	
6MPG_8_7_2	OTHER	0.903487	0.096300	0.000065	0.000051	0.000061	0.000045	
6N1W_8_7_C	OTHER	0.903487	0.096300	0.000065	0.000051	0.000061	0.000045	
7LL1_E_F_C	OTHER	0.903487	0.096300	0.000065	0.000051	0.000061	0.000045	
7LL2_H_L_A	OTHER	0.903487	0.096300	0.000065	0.000051	0.000061	0.000045	
7LG6_H_L_A	OTHER	0.999982	0.000015	0.000000	0.000000	0.000000	0.000000	
5ACO_G_J_C	OTHER	0.903487	0.096300	0.000065	0.000051	0.000061	0.000045	
7RAI_H_L_A	OTHER	0.903487	0.096300	0.000065	0.000051	0.000061	0.000045	
5D9Q_D_d_G	OTHER	0.903487	0.096300	0.000065	0.000051	0.000061	0.000045	
8C8T_C_D_A	OTHER	0.830925	0.168847	0.000071	0.000051	0.000049	0.000043	
8C8T_R_T_F	OTHER	0.830925	0.168847	0.000071	0.000051	0.000049	0.000043	
6DFG_G_J_C	OTHER	0.903487	0.096300	0.000065	0.000051	0.000061	0.000045	
6UDK_D_E_G	OTHER	0.903487	0.096300	0.000065	0.000051	0.000061	0.000045	
6NF5_E_F_C	OTHER	0.903487	0.096300	0.000065	0.000051	0.000061	0.000045	
6NFC_H_L_A	OTHER	0.903487	0.096300	0.000065	0.000051	0.000061	0.000045	
6DFH_G_J_C	OTHER	0.999976	0.000038	0.000000	0.000000	0.000000	0.000000	
7UGO_G_J_A	OTHER	0.834308	0.165383	0.000097	0.000071	0.000084	0.000065	
8E1P_F_I_E	OTHER	0.833227	0.166420	0.000105	0.000082	0.000094	0.000071	
8E1P_H_L_G	OTHER	0.833227	0.166420	0.000105	0.000082	0.000094	0.000071	
8SAQ_C_D_A	OTHER	0.848612	0.150998	0.000115	0.000091	0.000106	0.000079	
8SAV_C_D_A	OTHER	0.848612	0.150998	0.000115	0.000091	0.000106	0.000079	
8SAW_C_D_A	OTHER	0.834084	0.165550	0.000112	0.000088	0.000094	0.000074	
8SAZ_C_D_A	OTHER	0.834084	0.165550	0.000112	0.000088	0.000094	0.000074	
8SB0_C_D_A	OTHER	0.834084	0.165550	0.000112	0.000088	0.000094	0.000074	
8SB1_C_D_A	OTHER	0.834084	0.165550	0.000112	0.000088	0.000094	0.000074	
8SB2_C_D_A	OTHER	0.834084	0.165550	0.000112	0.000088	0.000094	0.000074	
8SB3_C_D_A	OTHER	0.834084	0.165550	0.000112	0.000088	0.000094	0.000074	
8SB5_C_D_A	OTHER	0.834084	0.165550	0.000112	0.000088	0.000094	0.000074	
8SAX_C_D_A	OTHER	0.834084	0.165550	0.000112	0.000088	0.000094	0.000074	
8SAR_C_D_A	OTHER	0.834084	0.165550	0.000112	0.000088	0.000094	0.000074	
8SAS_C_D_A	OTHER	0.834084	0.165550	0.000112	0.000088	0.000094	0.000074	
8SAU_C_D_A	OTHER	0.834084	0.165550	0.000112	0.000088	0.000094	0.000074	
8SAY_C_D_A	OTHER	0.834084	0.165550	0.000112	0.000088	0.000094	0.000074	
8SB4_C_D_A	OTHER	0.834084	0.165550	0.000112	0.000088	0.000094	0.000074	
6UM6_C_D_A	OTHER	0.834084	0.165550	0.000112	0.000088	0.000094	0.000074	
6UM7_B_C_I	OTHER	0.834084	0.165550	0.000112	0.000088	0.000094	0.000074	
6UM5_C_D_A	OTHER	0.834643	0.164997	0.000115	0.000085	0.000099	0.000076	
5VN3_H_L_G	SP	0.000150	0.999397	0.000127	0.000139	0.000111	0.000111	CS pos: 28-29. Pr: 0.6939
5VN8_F_J_D	SP	0.000150	0.999397	0.000127	0.000139	0.000111	0.000111	CS pos: 28-29. Pr: 0.6939
6OKP_M_N_D	SP	0.000150	0.999397	0.000127	0.000139	0.000111	0.000111	CS pos: 28-29. Pr: 0.6939
6OPO_H_L_A	SP	0.000150	0.999397	0.000127	0.000139	0.000111	0.000111	CS pos: 28-29. Pr: 0.6939
7UCG_C_F_I	SP	0.000153	0.999351	0.000128	0.000143	0.000114	0.000113	CS pos: 28-29. Pr: 0.4322
8GJE_G_J_C	SP	0.000158	0.999334	0.000133	0.000145	0.000117	0.000119	CS pos: 28-29. Pr: 0.6512
7MXD_C_D_A	OTHER	0.999998	0.000000	0.000000	0.000000	0.000000	0.000000	
6VTT_H_L_G _ F _ E	OTHER	0.833300	0.166551	0.000050	0.000037	0.000036	0.000032	
7LY9_A_M_K	OTHER	0.833300	0.166551	0.000050	0.000037	0.000036	0.000032	
7LY9_H_L_D	OTHER	0.833300	0.166551	0.000050	0.000037	0.000036	0.000032	
7T9T_C_D_A	OTHER	0.834129	0.165547	0.000103	0.000075	0.000086	0.000068	
7TCO_C_D_A	OTHER	0.834129	0.165547	0.000103	0.000075	0.000086	0.000068	
6UDA_C_D_A	SP	0.000916	0.997634	0.000455	0.000404	0.000307	0.000282	CS pos: 24-25. Pr: 0.9726
7TCN_C_D_A	SP	0.000811	0.997826	0.000422	0.000379	0.000286	0.000263	CS pos: 24-25. Pr: 0.9729
6VO3_G_J_C	OTHER	0.668958	0.329838	0.000365	0.000354	0.000249	0.000242	
7RSN_E_J_C	OTHER	0.831898	0.167774	0.000104	0.000077	0.000079	0.000067	
7RSO_G_J_C	OTHER	0.690527	0.308381	0.000313	0.000323	0.000231	0.000222	
7UGQ_G_J_A	OTHER	0.833599	0.166205	0.000071	0.000049	0.000049	0.000042	
8GP5_E_F_X	OTHER	0.833556	0.166257	0.000066	0.000047	0.000046	0.000041	
8GPI_A_C_Z _ T	OTHER	0.833556	0.166257	0.000066	0.000047	0.000046	0.000041	
6MYY_D_C_B	OTHER	0.834251	0.165347	0.000117	0.000092	0.000102	0.000079	
8GPJ_A_C_Z _ W	OTHER	0.831779	0.168040	0.000060	0.000043	0.000042	0.000038	
6B0N_D_E_G	OTHER	0.903487	0.096300	0.000065	0.000051	0.000061	0.000045	
8G4M_D_E_A _ C	OTHER	0.694357	0.304109	0.000534	0.000382	0.000325	0.000266	
8G4T_D_E_A _ C	OTHER	0.694357	0.304109	0.000534	0.000382	0.000325	0.000266	
8EUU_G_H_B _ A	OTHER	0.702898	0.295789	0.000443	0.000328	0.000281	0.000241	
8EUV_G_H_B _ A	OTHER	0.702898	0.295789	0.000443	0.000328	0.000281	0.000241	
8EUW_G_H_B _ A	OTHER	0.702898	0.295789	0.000443	0.000328	0.000281	0.000241	
7SD3_G_H_F _ E	OTHER	0.702898	0.295789	0.000443	0.000328	0.000281	0.000241	
7T75_H_L_B _ A	OTHER	0.660766	0.336955	0.000899	0.000547	0.000433	0.000379	
5FUU_H_L_D _ C	OTHER	0.703041	0.295691	0.000432	0.000315	0.000277	0.000235	
6NQD_C_D_B _ A	OTHER	0.660142	0.338081	0.000618	0.000465	0.000369	0.000317	
6EDU_J_K_F _ G	OTHER	1.000000	0.000000	0.000000	0.000000	0.000000	0.000000	
6EDU_P_Q_F _ B	OTHER	0.631572	0.366382	0.000738	0.000539	0.000411	0.000344	
6DCQ_H_L_B _ A	OTHER	0.672910	0.325525	0.000575	0.000399	0.000321	0.000267	
6OLP_G_I_D _ C _ B	OTHER	0.700103	0.298567	0.000455	0.000331	0.000282	0.000239	
2B4C_H_L_G _ C	OTHER	1.000000	0.000000	0.000000	0.000000	0.000000	0.000000	
3LQA_H_L_G _ C	OTHER	1.000000	0.000000	0.000000	0.000000	0.000000	0.000000	
8D4R_D_E_B	OTHER	0.832966	0.166385	0.000213	0.000165	0.000148	0.000123	
8D50_D_E_B	OTHER	0.835204	0.164136	0.000206	0.000160	0.000151	0.000130	
7KMD_A_E_T	OTHER	0.707417	0.291075	0.000518	0.000403	0.000310	0.000250	
6UTK_D_E_T	OTHER	0.663769	0.334270	0.000758	0.000515	0.000378	0.000313	
6UTK_H_L_G	OTHER	0.714069	0.284988	0.000285	0.000267	0.000203	0.000184	
5I8H_E_F_B	OTHER	0.694357	0.304109	0.000534	0.000382	0.000325	0.000266	
6CDE_3_4_1	OTHER	0.694357	0.304109	0.000534	0.000382	0.000325	0.000266	
6CDI_3_4_A	OTHER	0.694357	0.304109	0.000534	0.000382	0.000325	0.000266	
6CH7_D_E_B	OTHER	0.694357	0.304109	0.000534	0.000382	0.000325	0.000266	
6CH7_Q_R_G	OTHER	0.903487	0.096300	0.000065	0.000051	0.000061	0.000045	
6CH8_Q_R_G	OTHER	0.903487	0.096300	0.000065	0.000051	0.000061	0.000045	
4TVP_D_E_B	OTHER	0.702898	0.295789	0.000443	0.000328	0.000281	0.000241	
5CEZ_D_E_B	OTHER	0.702898	0.295789	0.000443	0.000328	0.000281	0.000241	
6MTJ_D_E_B	OTHER	0.702898	0.295789	0.000443	0.000328	0.000281	0.000241	
6NM6_U_V_G	OTHER	0.903487	0.096300	0.000065	0.000051	0.000061	0.000045	
6NNF_U_V_G	OTHER	0.903487	0.096300	0.000065	0.000051	0.000061	0.000045	
6NNJ_U_V_G	OTHER	0.903487	0.096300	0.000065	0.000051	0.000061	0.000045	
6OPA_K_J_G	OTHER	0.903487	0.096300	0.000065	0.000051	0.000061	0.000045	
6OPA_S_R_G	OTHER	0.903487	0.096300	0.000065	0.000051	0.000061	0.000045	
8TTW_C_D_B	OTHER	0.702898	0.295789	0.000443	0.000328	0.000281	0.000241	
8CZZ_C_D_B	OTHER	0.660142	0.338081	0.000618	0.000465	0.000369	0.000317	
6MUF_D_E_B	OTHER	0.631572	0.366382	0.000738	0.000539	0.000411	0.000344	
6MUG_D_E_B	OTHER	0.631572	0.366382	0.000738	0.000539	0.000411	0.000344	
6MCO_D_E_B	OTHER	0.631551	0.366547	0.000673	0.000497	0.000384	0.000335	
6CK9_D_E_B	OTHER	0.716672	0.282096	0.000415	0.000303	0.000266	0.000232	
6VZI_D_E_B	OTHER	0.671333	0.327279	0.000493	0.000338	0.000291	0.000246	
5UM8_D_E_B	OTHER	0.666121	0.332083	0.000619	0.000472	0.000367	0.000306	
6IEQ_D_E_B	OTHER	0.692131	0.306229	0.000573	0.000420	0.000342	0.000290	
7Z3A_G_I_F	OTHER	0.659225	0.339249	0.000530	0.000382	0.000323	0.000275	
7Z3A_H_L_D	OTHER	0.669028	0.329794	0.000352	0.000344	0.000241	0.000237	
3TYG_H_L_A	OTHER	1.000000	0.000000	0.000000	0.000000	0.000000	0.000000	
4WY7_H_L_P	OTHER	1.000000	0.000000	0.000000	0.000000	0.000000	0.000000	
6OZC_C_D_A	OTHER	0.903487	0.096300	0.000065	0.000051	0.000061	0.000045	
3D0L_B_A_C	OTHER	1.000000	0.000000	0.000000	0.000000	0.000000	0.000000	
4KHT_H_L_A	OTHER	0.999992	0.000000	0.000000	0.000000	0.000000	0.000000	
4KHX_H_L_A	OTHER	0.999992	0.000000	0.000000	0.000000	0.000000	0.000000	
3P30_H_L_A	OTHER	1.000000	0.000000	0.000000	0.000000	0.000000	0.000000	
2FX8_H_L_P	OTHER	0.999999	0.000000	0.000000	0.000001	0.000000	0.000000	
2FX9_H_L_P	OTHER	0.999999	0.000000	0.000000	0.000000	0.000000	0.000000	
4NGH_H_L_P	OTHER	0.999999	0.000000	0.000000	0.000000	0.000000	0.000000	
4NHC_H_L_P	OTHER	0.999998	0.000000	0.000000	0.000000	0.000000	0.000000	
1U8K_B_A_C	OTHER	0.999985	0.000000	0.000000	0.000011	0.000000	0.000003	
1U8I_B_A_C	OTHER	0.999935	0.000000	0.000003	0.000045	0.000002	0.000015	
1U8J_B_A_C	OTHER	0.999930	0.000000	0.000004	0.000048	0.000002	0.000016	
1U95_B_A_C	OTHER	0.999928	0.000000	0.000004	0.000049	0.000002	0.000016	
1TJG_H_L_P	OTHER	0.999933	0.000000	0.000003	0.000045	0.000002	0.000016	
1U8N_B_A_C	OTHER	0.999935	0.000000	0.000003	0.000045	0.000002	0.000015	
1U8O_B_A_C	OTHER	0.999936	0.000000	0.000003	0.000045	0.000002	0.000015	
1U8M_B_A_C	OTHER	0.999935	0.000000	0.000003	0.000044	0.000002	0.000016	
2P8M_B_A_C	OTHER	0.999999	0.000000	0.000000	0.000001	0.000000	0.000000	
2P8L_B_A_C	OTHER	1.000000	0.000000	0.000000	0.000000	0.000000	0.000000	
7N65_C_D_A	SP	0.000170	0.999299	0.000144	0.000153	0.000119	0.000124	CS pos: 28-29. Pr: 0.8147
3Q1S_H_L_I	OTHER	0.999986	0.000000	0.000000	0.000000	0.000000	0.000000	
3DRT_B_A_C	OTHER	0.873301	0.000020	0.126672	0.000000	0.000000	0.000000	
3H3P_H_L_S	OTHER	1.000000	0.000000	0.000000	0.000000	0.000000	0.000000	
5U3K_A_B_C	OTHER	1.000000	0.000000	0.000000	0.000000	0.000000	0.000000	
5U3M_H_L_A	OTHER	1.000000	0.000000	0.000000	0.000000	0.000000	0.000000	
5U3N_H_L_A	OTHER	1.000000	0.000000	0.000000	0.000000	0.000000	0.000000	
4G6F_B_D_F	OTHER	0.999995	0.000003	0.000000	0.000000	0.000000	0.000000	
5IQ7_H_L_P	OTHER	0.999995	0.000003	0.000000	0.000000	0.000000	0.000000	
5U3J_H_L_A	OTHER	0.999995	0.000003	0.000000	0.000000	0.000000	0.000000	
5IQ9_A_B_C	OTHER	1.000000	0.000000	0.000000	0.000000	0.000000	0.000000	
5CIL_H_L_P	OTHER	1.000000	0.000000	0.000000	0.000000	0.000000	0.000000	
5CIN_H_L_P	OTHER	1.000000	0.000000	0.000000	0.000000	0.000000	0.000000	
6O3G_A_B_I	OTHER	1.000000	0.000000	0.000000	0.000000	0.000000	0.000000	
6O3L_A_B_E	OTHER	1.000000	0.000000	0.000000	0.000000	0.000000	0.000000	
6O42_B_A_I	OTHER	1.000000	0.000000	0.000000	0.000000	0.000000	0.000000	
7EKB_H_L_P	OTHER	1.000000	0.000000	0.000000	0.000000	0.000000	0.000000	
7EKK_H_L_P	OTHER	1.000000	0.000000	0.000000	0.000000	0.000000	0.000000	
4XC1_H_L_P	OTHER	0.999999	0.000000	0.000000	0.000000	0.000000	0.000000	
4XCF_H_L_P	OTHER	0.999999	0.000000	0.000000	0.000000	0.000000	0.000000	
4XBE_H_L_P	OTHER	1.000000	0.000000	0.000000	0.000000	0.000000	0.000000	
5U3L_A_B_C	OTHER	0.999999	0.000000	0.000000	0.000000	0.000000	0.000000	
5U3O_H_L_A	OTHER	0.999999	0.000000	0.000000	0.000000	0.000000	0.000000	
4U6G_A_B_C	OTHER	0.999997	0.000000	0.000000	0.000000	0.000000	0.000000	
3IDI_B_A_C	OTHER	0.999933	0.000000	0.000003	0.000046	0.000002	0.000015	
3IDM_B_A_C	OTHER	0.999931	0.000000	0.000003	0.000048	0.000002	0.000015	
3MOB_H_L_P	OTHER	0.999999	0.000000	0.000000	0.000001	0.000000	0.000000	
3MOA_H_L_P	OTHER	1.000000	0.000000	0.000000	0.000000	0.000000	0.000000	
4YDV_B_A_Q	OTHER	0.999999	0.000000	0.000000	0.000001	0.000000	0.000000	
6MTP_A_B_Q	OTHER	0.999978	0.000000	0.000017	0.000002	0.000000	0.000001	
6MTT_H_L_P	OTHER	0.999999	0.000000	0.000000	0.000000	0.000000	0.000000	
5WDF_A_B_Q	OTHER	0.999998	0.000000	0.000000	0.000000	0.000000	0.000000	
1U92_B_A_C	OTHER	0.999936	0.000000	0.000003	0.000043	0.000002	0.000015	
1U91_B_A_C	OTHER	0.999938	0.000000	0.000003	0.000042	0.000002	0.000016	
1U93_B_A_C	OTHER	0.999934	0.000000	0.000003	0.000044	0.000002	0.000016	
1TJH_H_L_P	OTHER	1.000000	0.000000	0.000000	0.000001	0.000000	0.000000	
3D0V_B_A_C	OTHER	0.999997	0.000000	0.000000	0.000002	0.000000	0.000001	
2P8P_B_A_C	OTHER	0.999996	0.000000	0.000000	0.000003	0.000000	0.000001	
4NRX_A_B_C	OTHER	1.000000	0.000000	0.000000	0.000000	0.000000	0.000000	
7RPU_A_B_P	OTHER	1.000000	0.000000	0.000000	0.000000	0.000000	0.000000	
7N05_H_L_E	OTHER	1.000000	0.000000	0.000000	0.000000	0.000000	0.000000	
7N08_A_B_E	OTHER	0.999999	0.000000	0.000000	0.000000	0.000000	0.000000	
6Z3P_H_L_C _ A _ B	OTHER	1.000000	0.000000	0.000000	0.000000	0.000000	0.000000	
5CWS_B_A_E _ C _ D _ F	OTHER	1.000000	0.000000	0.000000	0.000000	0.000000	0.000000	
3SKJ_H_L_E	OTHER	1.000000	0.000000	0.000000	0.000000	0.000000	0.000000	
7MN8_D_C_B	SP	0.000146	0.999356	0.000126	0.000143	0.000116	0.000110	CS pos: 22-23. Pr: 0.9645
3WLW_C_D_A	OTHER	0.999993	0.000000	0.000000	0.000000	0.000000	0.000000	
7D85_B_C_A	OTHER	0.999984	0.000000	0.000000	0.000000	0.000000	0.000000	
6WVZ_H_L_M	OTHER	1.000000	0.000000	0.000000	0.000000	0.000000	0.000000	
5SX4_H_L_N	OTHER	1.000000	0.000000	0.000000	0.000000	0.000000	0.000000	
5SX5_H_L_N	OTHER	1.000000	0.000000	0.000000	0.000000	0.000000	0.000000	
6B3S_C_D_B	OTHER	1.000000	0.000000	0.000000	0.000000	0.000000	0.000000	
6Z3Q_H_L_C _ A _ B	OTHER	1.000000	0.000000	0.000000	0.000000	0.000000	0.000000	
6WDS_H_L_C _ A _ B	OTHER	1.000000	0.000000	0.000000	0.000000	0.000000	0.000000	
6WDT_H_L_A _ C _ B	OTHER	1.000000	0.000000	0.000000	0.000000	0.000000	0.000000	
7MFG_E_F_D _ C	OTHER	0.919719	0.080243	0.000006	0.000006	0.000005	0.000005	
6RPS_H_L_A	OTHER	1.000000	0.000000	0.000000	0.000000	0.000000	0.000000	
8SLB_H_L_A	OTHER	1.000000	0.000000	0.000000	0.000000	0.000000	0.000000	
1JPS_H_L_T	OTHER	1.000000	0.000000	0.000000	0.000000	0.000000	0.000000	
1UJ3_B_A_C	OTHER	1.000000	0.000000	0.000000	0.000000	0.000000	0.000000	
3THM_H_L_F	OTHER	0.999987	0.000000	0.000000	0.000000	0.000000	0.000000	
3TJE_H_L_F	OTHER	0.999987	0.000000	0.000000	0.000000	0.000000	0.000000	
1ADQ_H_L_A	OTHER	0.999994	0.000000	0.000000	0.000000	0.000000	0.000000	
5OCC_H_L_A	OTHER	1.000000	0.000000	0.000000	0.000000	0.000000	0.000000	
6YAX_H_L_A	OTHER	1.000000	0.000000	0.000000	0.000000	0.000000	0.000000	
7SEG_A_B_D	OTHER	0.999989	0.000000	0.000000	0.000000	0.000000	0.000000	
6KTR_A_B_C	OTHER	1.000000	0.000000	0.000000	0.000000	0.000000	0.000000	
3GRW_H_L_A	OTHER	1.000000	0.000000	0.000000	0.000000	0.000000	0.000000	
7AHV_A_B_H	OTHER	0.833952	0.165410	0.000146	0.000223	0.000128	0.000145	
8OL9_B_A_H	OTHER	0.833952	0.165410	0.000146	0.000223	0.000128	0.000145	
6E1K_D_C_B	OTHER	1.000000	0.000000	0.000000	0.000000	0.000000	0.000000	
8D21_E_F_C _ D	OTHER	0.919719	0.080243	0.000006	0.000006	0.000005	0.000005	
8TPA_D_E_C _ F	OTHER	0.924759	0.075204	0.000005	0.000005	0.000003	0.000004	
8DIS_A_C_e _ E	OTHER	0.919955	0.080001	0.000005	0.000005	0.000004	0.000004	
5WKO_A_B_Q _ N	OTHER	0.934066	0.065901	0.000003	0.000003	0.000002	0.000003	
6WJ1_G_I_B _ A	OTHER	0.934066	0.065901	0.000003	0.000003	0.000002	0.000003	
3ZTN_H_L_A _ B _ A	OTHER	0.938560	0.061421	0.000003	0.000003	0.000002	0.000003	
5GJT_H_L_B _ A	OTHER	0.945792	0.054176	0.000002	0.000002	0.000001	0.000002	
7X6O_C_D_B _ A	OTHER	0.945792	0.054176	0.000002	0.000002	0.000001	0.000002	
5GJS_H_L_B _ A	OTHER	0.938560	0.061421	0.000003	0.000003	0.000002	0.000003	
3GBN_H_L_B _ A	OTHER	0.923965	0.075997	0.000004	0.000004	0.000003	0.000003	
4PY8_I_J_B _ A	OTHER	0.923965	0.075997	0.000004	0.000004	0.000003	0.000003	
6HJP_G_H_B _ A	OTHER	0.927412	0.072568	0.000003	0.000003	0.000002	0.000002	
6HJQ_I_J_D _ C	OTHER	0.927412	0.072568	0.000003	0.000003	0.000002	0.000002	
8GV5_C_D_B _ A	OTHER	0.997483	0.002524	0.000000	0.000000	0.000000	0.000000	
6WIZ_H_L_B _ A	OTHER	0.924759	0.075204	0.000005	0.000005	0.000003	0.000004	
3GBM_H_L_B _ A	OTHER	0.974199	0.025784	0.000001	0.000001	0.000000	0.000001	
4FQI_H_L_B _ A	OTHER	0.974199	0.025784	0.000001	0.000001	0.000000	0.000001	
6B3M_C_D_B _ A	OTHER	0.974199	0.025784	0.000001	0.000001	0.000000	0.000001	
3FKU_S_s_J _ I	OTHER	0.974199	0.025784	0.000001	0.000001	0.000000	0.000001	
6E3H_H_L_B _ A	OTHER	0.974199	0.025784	0.000001	0.000001	0.000000	0.000001	
5JW4_M_N_B _ A	OTHER	0.974199	0.025784	0.000001	0.000001	0.000000	0.000001	
5JW4_Q_R_F _ E	OTHER	0.974199	0.025784	0.000001	0.000001	0.000000	0.000001	
7WVG_C_D_B _ A	OTHER	0.999993	0.000020	0.000000	0.000000	0.000000	0.000000	
8GV7_C_D_B _ A	OTHER	0.955037	0.044943	0.000002	0.000002	0.000001	0.000001	
6WEX_H_L_F _ E	OTHER	0.921803	0.078166	0.000002	0.000002	0.000002	0.000002	
7L0L_G_J_E _ C	OTHER	0.970379	0.029608	0.000001	0.000001	0.000001	0.000001	
4R8W_H_L_B _ A	OTHER	0.999405	0.000593	0.000000	0.000000	0.000000	0.000000	
5JW3_H_L_B _ A	OTHER	0.999405	0.000593	0.000000	0.000000	0.000000	0.000000	
6WXL_F_E_D _ C	OTHER	0.999405	0.000593	0.000000	0.000000	0.000000	0.000000	
6WF1_H_L_B _ A	OTHER	0.999397	0.000606	0.000000	0.000000	0.000000	0.000000	
7WVD_G_H_D _ C	OTHER	0.999849	0.000144	0.000000	0.000000	0.000000	0.000000	
8GV6_G_H_D _ C	OTHER	0.999798	0.000200	0.000000	0.000000	0.000000	0.000000	
5Y2M_I_J_D _ A _ C	OTHER	0.999853	0.000156	0.000000	0.000000	0.000000	0.000000	
6NZ7_G_I_F _ E	OTHER	1.000000	0.000000	0.000000	0.000000	0.000000	0.000000	
5K9Q_G_I_D _ C _ E	OTHER	1.000000	0.000010	0.000000	0.000000	0.000000	0.000000	
3ZTJ_G_H_B _ A	OTHER	0.999655	0.000340	0.000000	0.000000	0.000000	0.000000	
5Y2L_I_J_B _ A	OTHER	0.999655	0.000340	0.000000	0.000000	0.000000	0.000000	
7X6L_G_J_E _ A	OTHER	0.999655	0.000340	0.000000	0.000000	0.000000	0.000000	
3SDY_H_L_B _ A	OTHER	0.999655	0.000340	0.000000	0.000000	0.000000	0.000000	
4NM8_H_L_B _ A	OTHER	0.999655	0.000340	0.000000	0.000000	0.000000	0.000000	
4UBD_C_D_B _ I	OTHER	0.999655	0.000340	0.000000	0.000000	0.000000	0.000000	
6WEZ_H_L_B _ A	OTHER	0.999736	0.000267	0.000000	0.000000	0.000000	0.000000	
6WF0_H_L_B _ A	OTHER	0.999991	0.000000	0.000000	0.000000	0.000000	0.000000	
7K37_H_G_A _ B	OTHER	0.999655	0.000340	0.000000	0.000000	0.000000	0.000000	
7KC1_E_F_D _ C	OTHER	0.999736	0.000267	0.000000	0.000000	0.000000	0.000000	
4FQR_a_b_A	OTHER	1.000000	0.000000	0.000000	0.000000	0.000000	0.000000	
4O58_H_L_A	OTHER	0.999989	0.000000	0.000000	0.000000	0.000000	0.000000	
5W42_H_L_A	OTHER	1.000000	0.000000	0.000000	0.000000	0.000000	0.000000	
5W08_G_H_A	OTHER	1.000000	0.000000	0.000000	0.000000	0.000000	0.000000	
6E4X_Z_Y_B	OTHER	1.000000	0.000000	0.000000	0.000000	0.000000	0.000000	
6XPQ_B_C_A	OTHER	1.000000	0.000000	0.000000	0.000000	0.000000	0.000000	
6XPR_B_C_A	OTHER	1.000000	0.000000	0.000000	0.000000	0.000000	0.000000	
6XPY_B_C_A	OTHER	1.000000	0.000000	0.000000	0.000000	0.000000	0.000000	
6XQ2_C_B_A	OTHER	1.000000	0.000000	0.000000	0.000000	0.000000	0.000000	
6XPZ_B_C_A	OTHER	1.000000	0.000000	0.000000	0.000000	0.000000	0.000000	
7TRI_Z_Y_B	OTHER	1.000000	0.000000	0.000000	0.000000	0.000000	0.000000	
6E56_G_I_D	OTHER	1.000000	0.000000	0.000000	0.000000	0.000000	0.000000	
6XPX_B_C_A	OTHER	1.000000	0.000000	0.000000	0.000000	0.000000	0.000000	
5UMN_C_D_B	OTHER	1.000000	0.000000	0.000000	0.000000	0.000000	0.000000	
6D0U_C_D_B	OTHER	1.000000	0.000000	0.000000	0.000000	0.000000	0.000000	
6OCB_H_L_A	OTHER	1.000000	0.000000	0.000000	0.000000	0.000000	0.000000	
4FP8_H_L_A	OTHER	1.000000	0.000000	0.000000	0.000000	0.000000	0.000000	
6UR5_A_B_C	OTHER	0.833365	0.166546	0.000026	0.000019	0.000019	0.000019	
4XNQ_B_A_D	OTHER	1.000000	0.000000	0.000000	0.000000	0.000000	0.000000	
4XRC_B_A_D	OTHER	1.000000	0.000000	0.000000	0.000000	0.000000	0.000000	
6P3R_A_B_L	OTHER	1.000000	0.000000	0.000000	0.000000	0.000000	0.000000	
6P3S_A_B_L	OTHER	1.000000	0.000000	0.000000	0.000000	0.000000	0.000000	
5DUM_H_L_A	OTHER	1.000000	0.000000	0.000000	0.000000	0.000000	0.000000	
5DUP_H_L_A	OTHER	1.000000	0.000000	0.000000	0.000000	0.000000	0.000000	
5DUR_B_D_A	OTHER	1.000000	0.000000	0.000000	0.000000	0.000000	0.000000	
6IUT_H_L_A	OTHER	1.000000	0.000000	0.000000	0.000000	0.000000	0.000000	
6A67_C_D_B	OTHER	1.000000	0.000000	0.000000	0.000000	0.000000	0.000000	
6IUV_C_D_B	OTHER	0.999986	0.000000	0.000000	0.000000	0.000000	0.000000	
4XNM_B_A_D	OTHER	1.000000	0.000000	0.000000	0.000000	0.000000	0.000000	
6XQ0_B_C_A	OTHER	0.999994	0.000000	0.000000	0.000000	0.000000	0.000000	
7TRH_H_B_G	OTHER	0.999994	0.000000	0.000000	0.000000	0.000000	0.000000	
4M5Z_H_L_A	OTHER	1.000000	0.000000	0.000000	0.000000	0.000000	0.000000	
6A4K_H_L_A	OTHER	1.000000	0.000000	0.000000	0.000000	0.000000	0.000000	
6Q0E_H_L_A	OTHER	1.000000	0.000000	0.000000	0.000000	0.000000	0.000000	
6Q0H_H_L_A	OTHER	1.000000	0.000000	0.000000	0.000000	0.000000	0.000000	
6Q18_H_L_A	OTHER	1.000000	0.000000	0.000000	0.000000	0.000000	0.000000	
6XQ4_C_B_A	OTHER	1.000000	0.000000	0.000000	0.000000	0.000000	0.000000	
6Q0I_H_L_A	OTHER	1.000000	0.000000	0.000000	0.000000	0.000000	0.000000	
6WHK_C_B_A	OTHER	1.000000	0.000000	0.000000	0.000000	0.000000	0.000000	
5W0D_B_C_A	OTHER	1.000000	0.000000	0.000000	0.000000	0.000000	0.000000	
6Q0O_Z_B_A	OTHER	1.000000	0.000000	0.000000	0.000000	0.000000	0.000000	
4YK4_C_B_A	OTHER	1.000000	0.000000	0.000000	0.000000	0.000000	0.000000	
4HKX_A_B_E	OTHER	1.000000	0.000000	0.000000	0.000000	0.000000	0.000000	
6OC3_A_B_F	OTHER	1.000000	0.000000	0.000000	0.000000	0.000000	0.000000	
6II4_E_F_C	OTHER	1.000000	0.000000	0.000000	0.000000	0.000000	0.000000	
6II9_H_L_A	OTHER	1.000000	0.000000	0.000000	0.000000	0.000000	0.000000	
6II8_G_I_A	OTHER	1.000000	0.000000	0.000000	0.000000	0.000000	0.000000	
5VAG_C_B_A	OTHER	1.000000	0.000000	0.000000	0.000000	0.000000	0.000000	
5XKU_C_B_A	OTHER	1.000000	0.000000	0.000000	0.000000	0.000000	0.000000	
6UIG_B_C_A	OTHER	1.000000	0.000000	0.000000	0.000000	0.000000	0.000000	
6MLM_E_I_A	SP	0.000329	0.998917	0.000216	0.000217	0.000162	0.000173	CS pos: 18-19. Pr: 0.9770
5UG0_D_C_A	OTHER	1.000000	0.000000	0.000000	0.000000	0.000000	0.000000	
5UGY_H_L_A	OTHER	1.000000	0.000000	0.000000	0.000000	0.000000	0.000000	
8TP5_E_F_C	OTHER	1.000000	0.000000	0.000000	0.000000	0.000000	0.000000	
5W6G_H_L_A	OTHER	0.999769	0.000234	0.000000	0.000000	0.000001	0.000000	
8TP3_H_L_C	SP	0.000166	0.999281	0.000143	0.000150	0.000132	0.000126	CS pos: 17-18. Pr: 0.9837
6ML8_H_L_A	OTHER	1.000000	0.000000	0.000000	0.000000	0.000000	0.000000	
3LZF_H_L_A	OTHER	1.000000	0.000000	0.000000	0.000000	0.000000	0.000000	
4GXU_M_N_A	OTHER	1.000000	0.000000	0.000000	0.000000	0.000000	0.000000	
7MEM_G_J_C	OTHER	1.000000	0.000000	0.000000	0.000000	0.000000	0.000000	
7T3D_H_L_B	OTHER	0.945792	0.054176	0.000002	0.000002	0.000001	0.000002	
5IBL_C_D_F	OTHER	1.000000	0.000000	0.000000	0.000000	0.000000	0.000000	
5XHV_H_L_E	OTHER	1.000000	0.000000	0.000000	0.000000	0.000000	0.000000	
4HFU_H_L_A	OTHER	1.000000	0.000000	0.000000	0.000000	0.000000	0.000000	
4HG4_J_K_A	OTHER	1.000000	0.000000	0.000000	0.000000	0.000000	0.000000	
4HF5_H_L_A	OTHER	1.000000	0.000000	0.000000	0.000000	0.000000	0.000000	
5A3I_C_D_A	OTHER	1.000000	0.000000	0.000000	0.000000	0.000000	0.000000	
5K9O_A_B_F	OTHER	1.000000	0.000000	0.000000	0.000000	0.000000	0.000000	
8DIM_B_C_A	SP	0.000440	0.999049	0.000133	0.000150	0.000120	0.000121	CS pos: 38-39. Pr: 0.9740
8F38_D_G_B	SP	0.000156	0.999303	0.000137	0.000146	0.000126	0.000120	CS pos: 17-18. Pr: 0.9826
8TP9_D_F_B	SP	0.000151	0.999322	0.000127	0.000147	0.000121	0.000121	CS pos: 15-16. Pr: 0.9835
8TP2_H_L_C	SP	0.000151	0.999322	0.000127	0.000147	0.000121	0.000121	CS pos: 15-16. Pr: 0.9835
8TP4_H_L_C	SP	0.000151	0.999322	0.000127	0.000147	0.000121	0.000121	CS pos: 15-16. Pr: 0.9835
8TP6_C_D_B	SP	0.000151	0.999322	0.000127	0.000147	0.000121	0.000121	CS pos: 15-16. Pr: 0.9835
8TP7_D_F_A	SP	0.000151	0.999322	0.000127	0.000147	0.000121	0.000121	CS pos: 15-16. Pr: 0.9835
3WHE_1_2_H	OTHER	1.000000	0.000000	0.000000	0.000000	0.000000	0.000000	
5K9K_A_B_I	OTHER	1.000000	0.000000	0.000000	0.000000	0.000000	0.000000	
4KVN_H_L_A	OTHER	0.999995	0.000000	0.000000	0.000000	0.000000	0.000000	
6PDX_H_L_A	OTHER	1.000000	0.000000	0.000000	0.000000	0.000000	0.000000	
7TZ5_H_N_C	OTHER	1.000000	0.000000	0.000000	0.000000	0.000000	0.000000	
6UYN_H_L_B _ A	SP	0.000173	0.999285	0.000139	0.000151	0.000128	0.000122	CS pos: 17-18. Pr: 0.9810
6URM_D_E_C	OTHER	1.000000	0.000000	0.000000	0.000000	0.000000	0.000000	
8IB1_B_A_C	OTHER	1.000000	0.000000	0.000000	0.000000	0.000000	0.000000	
8DIU_E_F_B	SP	0.000390	0.999102	0.000134	0.000153	0.000121	0.000122	CS pos: 38-39. Pr: 0.9742
5CJQ_H_L_B _ A	OTHER	0.999996	0.000000	0.000000	0.000000	0.000000	0.000000	
5CJS_F_E_K _ J	OTHER	1.000000	0.000000	0.000000	0.000000	0.000000	0.000000	
5C0S_H_L_A	OTHER	0.977376	0.000000	0.000001	0.000008	0.000136	0.022462	
8H3C_B_b_F _ G	OTHER	1.000000	0.000000	0.000000	0.000000	0.000000	0.000000	
6Q20_H_L_A	OTHER	1.000000	0.000000	0.000000	0.000000	0.000000	0.000000	
6PZE_H_L_A	OTHER	1.000000	0.000000	0.000000	0.000000	0.000000	0.000000	
8E6J_E_I_B	OTHER	1.000000	0.000000	0.000000	0.000000	0.000000	0.000000	
8E6K_E_I_B	OTHER	1.000000	0.000000	0.000000	0.000000	0.000000	0.000000	
6LXI_C_D_B	OTHER	0.998112	0.001907	0.000001	0.000001	0.000001	0.000001	
6Q23_E_F_C	OTHER	1.000000	0.000000	0.000000	0.000000	0.000000	0.000000	
6LXK_E_F_D	OTHER	0.999851	0.000141	0.000000	0.000000	0.000000	0.000000	
8G3O_A_D_G	SP	0.000146	0.999349	0.000121	0.000139	0.000116	0.000113	CS pos: 20-21. Pr: 0.9829
8G3V_A_L_G	SP	0.000146	0.999349	0.000121	0.000139	0.000116	0.000113	CS pos: 20-21. Pr: 0.9829
8EZ3_H_L_A	OTHER	0.999993	0.000000	0.000000	0.000000	0.000000	0.000000	
8EZ7_H_L_A	OTHER	0.999993	0.000000	0.000000	0.000000	0.000000	0.000000	
8EZ8_H_L_A	OTHER	0.999993	0.000000	0.000000	0.000000	0.000000	0.000000	
8G30_E_F_M	SP	0.000146	0.999349	0.000121	0.000139	0.000116	0.000113	CS pos: 20-21. Pr: 0.9829
8G3M_A_D_J	SP	0.000146	0.999349	0.000121	0.000139	0.000116	0.000113	CS pos: 20-21. Pr: 0.9829
8G3Q_A_L_F	SP	0.000146	0.999349	0.000121	0.000139	0.000116	0.000113	CS pos: 20-21. Pr: 0.9829
8G3R_C_B_G	SP	0.000146	0.999349	0.000121	0.000139	0.000116	0.000113	CS pos: 20-21. Pr: 0.9829
6LXJ_E_F_B	OTHER	1.000000	0.000000	0.000000	0.000000	0.000000	0.000000	
6PZF_F_E_B	OTHER	1.000000	0.000000	0.000000	0.000000	0.000000	0.000000	
6Q1Z_D_C_B	OTHER	1.000000	0.000000	0.000000	0.000000	0.000000	0.000000	
6PZW_F_E_C	OTHER	1.000000	0.000000	0.000000	0.000000	0.000000	0.000000	
6PZY_C_D_A	OTHER	1.000000	0.000000	0.000000	0.000000	0.000000	0.000000	
6PZZ_F_E_B	OTHER	1.000000	0.000000	0.000000	0.000000	0.000000	0.000000	
6U02_D_C_B	OTHER	1.000000	0.000000	0.000000	0.000000	0.000000	0.000000	
6CNV_H_L_B	OTHER	0.887946	0.112025	0.000002	0.000002	0.000001	0.000002	
4FQJ_H_L_A	OTHER	1.000000	0.000000	0.000000	0.000000	0.000000	0.000000	
7KQG_B_C_A	OTHER	1.000000	0.000000	0.000000	0.000000	0.000000	0.000000	
7KQH_C_D_A	OTHER	0.999993	0.000000	0.000000	0.000000	0.000000	0.000000	
7KQI_A_C_B	OTHER	1.000000	0.000000	0.000000	0.000000	0.000000	0.000000	
8G3Z_E_F_D	SP	0.000146	0.999349	0.000121	0.000139	0.000116	0.000113	CS pos: 20-21. Pr: 0.9829
6V4N_A_B_I	OTHER	1.000000	0.000000	0.000000	0.000000	0.000000	0.000000	
6V4O_A_B_I	OTHER	1.000000	0.000000	0.000000	0.000000	0.000000	0.000000	
5YAX_B_b_C	OTHER	0.999990	0.000000	0.000000	0.000000	0.000000	0.000000	
7RE7_H_L_A _ C	OTHER	0.972074	0.027825	0.000053	0.000032	0.000031	0.000023	
6USF_H_L_D	OTHER	1.000000	0.000000	0.000000	0.000000	0.000000	0.000000	
8CN9_B_A_D _ C	OTHER	0.999999	0.000000	0.000000	0.000000	0.000000	0.000000	
6R8X_C_B_A	OTHER	0.833807	0.165622	0.000128	0.000201	0.000115	0.000124	
6AOD_B_A_C	OTHER	0.833845	0.165560	0.000134	0.000210	0.000120	0.000129	
2R9H_C_D_A	OTHER	1.000000	0.000000	0.000000	0.000000	0.000000	0.000000	
7UFW_H_h_A	OTHER	1.000000	0.000000	0.000000	0.000000	0.000000	0.000000	
7UI1_H_h_A	OTHER	1.000000	0.000000	0.000000	0.000000	0.000000	0.000000	
7UC8_H_h_A	OTHER	0.999999	0.000000	0.000000	0.000000	0.000000	0.000000	
7UVH_A_B_C	OTHER	1.000000	0.000000	0.000000	0.000000	0.000000	0.000000	
7UVI_A_B_C	OTHER	1.000000	0.000000	0.000000	0.000000	0.000000	0.000000	
7UVO_A_B_C	OTHER	1.000000	0.000000	0.000000	0.000000	0.000000	0.000000	
7UVQ_C_B_A	OTHER	1.000000	0.000000	0.000000	0.000000	0.000000	0.000000	
7UVQ_D_E_A	OTHER	1.000000	0.000000	0.000000	0.000000	0.000000	0.000000	
7UVS_A_B_C	OTHER	1.000000	0.000000	0.000000	0.000000	0.000000	0.000000	
7U9E_B_b_A	OTHER	1.000000	0.000000	0.000000	0.000000	0.000000	0.000000	
7U9E_H_h_A	OTHER	1.000000	0.000000	0.000000	0.000000	0.000000	0.000000	
7U9W_H_h_A	OTHER	1.000000	0.000000	0.000000	0.000000	0.000000	0.000000	
7UA2_H_h_A	OTHER	1.000000	0.000000	0.000000	0.000000	0.000000	0.000000	
7UA8_H_h_A	OTHER	1.000000	0.000000	0.000000	0.000000	0.000000	0.000000	
7UBS_H_h_A	OTHER	1.000000	0.000000	0.000000	0.000000	0.000000	0.000000	
7UCQ_H_h_A	OTHER	1.000000	0.000000	0.000000	0.000000	0.000000	0.000000	
7JUM_H_h_A	OTHER	1.000000	0.000000	0.000000	0.000000	0.000000	0.000000	
7UNB_F_E_R	OTHER	0.999995	0.000000	0.000000	0.000000	0.000000	0.000000	
7UNB_H_L_R	OTHER	0.999995	0.000000	0.000000	0.000000	0.000000	0.000000	
7UXL_A_B_R	OTHER	0.999995	0.000000	0.000000	0.000000	0.000000	0.000000	
7UXL_F_E_R	OTHER	0.999995	0.000000	0.000000	0.000000	0.000000	0.000000	
6E63_B_C_A	OTHER	0.999996	0.000000	0.000000	0.000000	0.000000	0.000000	
8OXV_B_C_A	OTHER	1.000000	0.000000	0.000000	0.000000	0.000000	0.000000	
7DAA_H_L_A	OTHER	1.000000	0.000000	0.000000	0.000000	0.000000	0.000000	
1NL0_H_L_G	OTHER	0.999977	0.000000	0.000000	0.000000	0.000000	0.000000	
7UQC_B_A_C	OTHER	1.000000	0.000000	0.000000	0.000000	0.000000	0.000000	
5C7X_H_L_A	OTHER	1.000000	0.000000	0.000000	0.000000	0.000000	0.000000	
5D70_H_L_A	OTHER	1.000000	0.000000	0.000000	0.000000	0.000000	0.000000	
6BFQ_A_B_I	OTHER	1.000000	0.000000	0.000000	0.000000	0.000000	0.000000	
5D71_H_L_A	SP	0.000155	0.999342	0.000133	0.000148	0.000120	0.000119	CS pos: 17-18. Pr: 0.9880
5D72_H_L_A	SP	0.000155	0.999342	0.000133	0.000148	0.000120	0.000119	CS pos: 17-18. Pr: 0.9880
5DWU_H_L_A _ B	OTHER	0.999999	0.000000	0.000000	0.000000	0.000000	0.000000	
6WJL_F_J_E	OTHER	1.000000	0.000000	0.000000	0.000000	0.000000	0.000000	
7TUY_H_L_R	OTHER	1.000000	0.000000	0.000000	0.000000	0.000000	0.000000	
8TB0_F_f_R _ B	OTHER	1.000000	0.000000	0.000000	0.000000	0.000000	0.000000	
7UBR_E_F_C	OTHER	1.000000	0.000000	0.000000	0.000000	0.000000	0.000000	
4HCR_H_L_A	OTHER	0.999996	0.000000	0.000000	0.000000	0.000000	0.000000	
8GHP_H_L_A	OTHER	1.000000	0.000000	0.000000	0.000000	0.000000	0.000000	
7E7E_C_D_B	OTHER	1.000000	0.000000	0.000000	0.000000	0.000000	0.000000	
8E7M_H_L_A	SP	0.000148	0.999373	0.000123	0.000139	0.000112	0.000110	CS pos: 17-18. Pr: 0.9827
2JB5_H_L_H	OTHER	0.833899	0.165382	0.000237	0.000165	0.000194	0.000132	
2YK1_H_L_H	OTHER	1.000000	0.000004	0.000000	0.000000	0.000000	0.000000	
2YKL_H_L_H	OTHER	1.000000	0.000004	0.000000	0.000000	0.000000	0.000000	
8TFP_B_A_B	OTHER	0.834537	0.164608	0.000298	0.000183	0.000235	0.000156	
4YHI_A_B_A	OTHER	0.834011	0.165268	0.000240	0.000176	0.000192	0.000134	
4YHM_H_L_H	OTHER	0.834011	0.165268	0.000240	0.000176	0.000192	0.000134	
4YHO_H_L_H	OTHER	0.834011	0.165268	0.000240	0.000176	0.000192	0.000134	
1AXS_B_A_B	OTHER	0.834122	0.165060	0.000268	0.000190	0.000206	0.000151	
3FCT_D_C_D	OTHER	0.834140	0.165088	0.000254	0.000179	0.000205	0.000141	
1GAF_H_L_H	OTHER	0.833975	0.165285	0.000237	0.000168	0.000193	0.000135	
3QCU_H_L_H	OTHER	0.833844	0.165315	0.000281	0.000193	0.000217	0.000150	
7Z3W_H_L_H	OTHER	0.834244	0.164931	0.000278	0.000185	0.000218	0.000154	
7X3N_B_A_B	OTHER	0.834487	0.164650	0.000284	0.000199	0.000215	0.000156	
7YIZ_B_A_B	OTHER	0.834487	0.164650	0.000284	0.000199	0.000215	0.000156	
6UMJ_H_L_H	OTHER	0.834274	0.164905	0.000273	0.000188	0.000221	0.000153	
3KDM_B_A_B	OTHER	0.834289	0.164881	0.000281	0.000190	0.000223	0.000151	
7KKH_B_A_B	OTHER	0.834707	0.164406	0.000291	0.000195	0.000232	0.000158	
5D6C_B_A_B	OTHER	0.834173	0.165007	0.000267	0.000184	0.000221	0.000153	
2FL5_B_A_B	OTHER	0.834051	0.165160	0.000267	0.000180	0.000204	0.000142	
5ALB_H_L_L	OTHER	0.667682	0.330867	0.000403	0.000426	0.000335	0.000293	
5ALC_H_L_L	OTHER	0.667682	0.330867	0.000403	0.000426	0.000335	0.000293	
6JP7_H_L_L	OTHER	0.834165	0.165074	0.000266	0.000187	0.000187	0.000138	
6Y1M_H_L_L	OTHER	0.724612	0.274018	0.000391	0.000392	0.000320	0.000273	
6Y49_H_L_L	OTHER	0.667951	0.330461	0.000436	0.000469	0.000365	0.000322	
6Y1L_H_L_L	OTHER	0.684633	0.313770	0.000441	0.000469	0.000369	0.000323	
5ADO_H_L_L	OTHER	0.667987	0.330462	0.000436	0.000460	0.000361	0.000317	
6Y1N_H_L_L	OTHER	0.724538	0.274101	0.000390	0.000389	0.000319	0.000273	
2XZC_H_L_L	OTHER	0.667951	0.330461	0.000436	0.000469	0.000365	0.000322	
2A9N_H_L_H	OTHER	0.834415	0.164731	0.000287	0.000194	0.000227	0.000153	
6VJT_H_L_P	OTHER	0.999998	0.000000	0.000000	0.000002	0.000000	0.000000	
7LBE_F_E_A	SP	0.000163	0.999298	0.000133	0.000151	0.000119	0.000117	CS pos: 29-30. Pr: 0.8857
7DF1_F_J_C	OTHER	1.000000	0.000000	0.000000	0.000000	0.000000	0.000000	
7LBE_H_G_A	SP	0.000163	0.999298	0.000133	0.000151	0.000119	0.000117	CS pos: 29-30. Pr: 0.8857
8TCO_E_D_B _ A	SP	0.000147	0.999337	0.000129	0.000148	0.000118	0.000115	CS pos: 20-21. Pr: 0.9904
8TCO_F_G_C	OTHER	0.558181	0.441055	0.000213	0.000203	0.000167	0.000178	
5VOB_H_L_D _ B	SP	0.000284	0.999094	0.000179	0.000181	0.000144	0.000132	CS pos: 25-26. Pr: 0.9709
7T4S_H_I_D _ B	SP	0.001366	0.997959	0.000197	0.000193	0.000148	0.000137	CS pos: 25-26. Pr: 0.9727
7KBB_A_B_E _ C	OTHER	1.000000	0.000000	0.000000	0.000000	0.000000	0.000000	
7KBB_H_L_D	OTHER	1.000000	0.000000	0.000000	0.000000	0.000000	0.000000	
7M30_F_G_C _ E	OTHER	1.000000	0.000000	0.000000	0.000000	0.000000	0.000000	
7M30_H_L_B	OTHER	1.000000	0.000000	0.000000	0.000000	0.000000	0.000000	
7M30_M_N_C	OTHER	1.000000	0.000000	0.000000	0.000000	0.000000	0.000000	
7T4Q_F_G_C _ E	SP	0.000158	0.999340	0.000134	0.000147	0.000117	0.000119	CS pos: 18-19. Pr: 0.9773
7T4Q_I_H_D _ B	SP	0.001366	0.997959	0.000197	0.000193	0.000148	0.000137	CS pos: 25-26. Pr: 0.9727
8TEA_F_I_C _ D	SP	0.000141	0.999354	0.000120	0.000141	0.000113	0.000114	CS pos: 19-20. Pr: 0.9829
8TEA_H_G_C	SP	0.000141	0.999354	0.000120	0.000141	0.000113	0.000114	CS pos: 19-20. Pr: 0.9829
6UOE_H_L_P	OTHER	0.999999	0.000000	0.000000	0.000000	0.000000	0.000000	
7SSC_H_L_P	OTHER	0.999999	0.000000	0.000000	0.000000	0.000000	0.000000	
3EYF_B_A_E	OTHER	0.999997	0.000000	0.000000	0.000002	0.000000	0.000001	
5C6T_H_L_A	SP	0.000171	0.999273	0.000140	0.000156	0.000123	0.000126	CS pos: 22-23. Pr: 0.9386
7YRN_D_E_A	SP	0.000219	0.999159	0.000169	0.000175	0.000141	0.000136	CS pos: 22-23. Pr: 0.8688
4OT1_H_L_A	OTHER	1.000000	0.000000	0.000000	0.000000	0.000000	0.000000	
4HHA_B_A_P	OTHER	0.999993	0.000000	0.000000	0.000006	0.000000	0.000001	
7KDD_D_E_A	SP	0.000219	0.999159	0.000169	0.000175	0.000141	0.000136	CS pos: 22-23. Pr: 0.8688
7VN9_A_B_C	OTHER	1.000000	0.000000	0.000000	0.000000	0.000000	0.000000	
7VNG_H_L_D	OTHER	1.000000	0.000000	0.000000	0.000000	0.000000	0.000000	
8DGW_A_B_I	OTHER	1.000000	0.000000	0.000000	0.000000	0.000000	0.000000	
7PNM_G_D_B	SP	0.000161	0.999327	0.000129	0.000141	0.000117	0.000110	CS pos: 24-25. Pr: 0.9798
7PNQ_D_F_B	SP	0.000161	0.999327	0.000129	0.000141	0.000117	0.000110	CS pos: 24-25. Pr: 0.9798
7PO5_H_L_A	SP	0.000161	0.999327	0.000129	0.000141	0.000117	0.000110	CS pos: 24-25. Pr: 0.9798
5KZP_E_I_B	OTHER	1.000000	0.000000	0.000000	0.000000	0.000000	0.000000	
4N0Y_H_L_A	OTHER	0.999999	0.000000	0.000000	0.000001	0.000000	0.000000	
5FGB_C_A_F	OTHER	1.000000	0.000000	0.000000	0.000000	0.000000	0.000000	
5FGC_E_B_A	OTHER	1.000000	0.000000	0.000000	0.000000	0.000000	0.000000	
